,Month,Temperature (F),Humitdity (%),Snowfall Depth (in),Wind Speed (MPH),Precipitation (in)
0,2020-02,30.2,44.1,0.0,11.0,0.0
1,2020-03,34.1,47.2,0.0,7.3,0.0
2,2020-03,47.8,56.0,0.0,6.7,0.0
3,2020-03,52.0,79.9,0.0,6.2,0.23
4,2020-03,49.9,50.3,0.0,12.4,0.0
5,2020-03,44.5,53.2,0.0,7.2,0.0
6,2020-03,40.2,83.7,0.0,7.0,0.24
7,2020-03,40.4,47.8,0.0,10.2,0.0
8,2020-03,47.1,32.7,0.0,6.6,0.0
9,2020-03,57.6,32.6,0.0,7.2,0.0
10,2020-03,59.4,56.2,0.0,8.9,0.0
11,2020-03,50.0,47.2,0.0,4.9,0.0
12,2020-03,45.5,72.6,0.0,5.9,0.02
13,2020-03,56.1,64.7,0.0,10.8,0.21
14,2020-03,48.1,39.2,0.0,9.1,0.0
15,2020-03,46.1,39.4,0.0,6.1,0.0
16,2020-03,38.8,54.8,0.0,7.9,0.0
17,2020-03,47.3,76.3,0.0,5.5,0.23
18,2020-03,46.4,53.2,0.0,5.4,0.01
19,2020-03,46.8,86.2,0.0,5.6,0.67
20,2020-03,59.6,75.5,0.0,6.4,0.0
21,2020-03,46.7,42.9,0.0,9.1,0.0
22,2020-03,37.4,48.3,0.0,8.1,0.0
23,2020-03,37.6,85.9,0.1,9.9,0.86
24,2020-03,44.8,67.9,0.0,6.1,0.0
25,2020-03,42.2,76.2,0.0,8.8,0.01
26,2020-03,46.5,66.7,0.0,5.3,0.0
27,2020-03,57.6,49.2,0.0,5.1,0.0
28,2020-03,47.1,72.2,0.0,7.1,0.34
29,2020-03,45.2,96.0,0.0,10.2,0.01
30,2020-03,46.4,87.2,0.0,4.1,0.06
31,2020-03,43.4,79.2,0.0,5.4,0.03
32,2020-03,43.4,79.2,0.0,5.4,0.03
33,2020-04,46.2,55.0,0.0,8.2,0.0
34,2020-04,48.6,49.0,0.0,13.1,0.0
35,2020-04,49.3,72.2,0.0,11.8,0.08
36,2020-04,51.1,73.3,0.0,5.3,0.0
37,2020-04,52.9,76.1,0.0,3.1,0.0
38,2020-04,56.5,47.3,0.0,5.9,0.07
39,2020-04,57.0,42.2,0.0,5.4,0.0
40,2020-04,55.9,75.3,0.0,5.3,0.19
41,2020-04,50.4,69.4,0.0,9.2,0.1
42,2020-04,43.2,56.1,0.0,14.0,0.01
43,2020-04,46.5,38.1,0.0,9.2,0.0
44,2020-04,52.8,56.5,0.0,6.2,0.0
45,2020-04,58.8,84.9,0.0,13.6,1.45
46,2020-04,51.8,47.3,0.0,8.0,0.0
47,2020-04,47.2,41.9,0.0,8.2,0.0
48,2020-04,43.6,44.8,0.0,10.9,0.0
49,2020-04,42.7,55.2,0.0,6.7,0.08
50,2020-04,43.4,78.8,0.0,6.7,0.22
51,2020-04,51.5,48.0,0.0,9.1,0.0
52,2020-04,51.4,49.0,0.0,5.6,0.0
53,2020-04,48.5,69.6,0.0,9.7,0.15
54,2020-04,43.2,34.8,0.0,10.8,0.0
55,2020-04,44.3,48.2,0.0,4.0,0.14
56,2020-04,46.2,92.0,0.0,6.9,0.43
57,2020-04,52.5,63.4,0.0,4.3,0.0
58,2020-04,46.8,84.0,0.0,10.0,0.15
59,2020-04,44.2,77.0,0.0,9.6,0.0
60,2020-04,52.5,56.7,0.0,5.5,0.0
61,2020-04,50.6,78.1,0.0,8.9,0.01
62,2020-04,55.0,90.8,0.0,13.4,0.49
63,2020-04,55.0,90.8,0.0,13.4,0.49
64,2020-05,59.0,81.2,0.0,5.6,0.15
65,2020-05,64.1,40.2,0.0,9.1,0.0
66,2020-05,68.8,54.3,0.0,7.0,0.07
67,2020-05,61.8,45.3,0.0,10.2,0.0
68,2020-05,54.1,37.1,0.0,6.6,0.0
69,2020-05,48.8,72.5,0.0,6.5,0.12
70,2020-05,57.3,41.8,0.0,8.4,0.0
71,2020-05,47.5,64.7,0.0,5.4,0.42
72,2020-05,40.3,51.8,0.0,13.7,0.02
73,2020-05,52.5,38.7,0.0,11.1,0.0
74,2020-05,51.7,65.8,0.0,7.9,0.06
75,2020-05,51.4,40.8,0.0,11.0,0.0
76,2020-05,52.3,41.3,0.0,6.2,0.0
77,2020-05,57.9,50.1,0.0,5.0,0.0
78,2020-05,72.8,63.3,0.0,7.2,0.07
79,2020-05,69.4,56.9,0.0,6.8,0.0
80,2020-05,59.8,61.5,0.0,6.7,0.0
81,2020-05,60.8,62.8,0.0,7.4,0.0
82,2020-05,59.4,46.2,0.0,10.7,0.0
83,2020-05,55.8,49.7,0.0,7.9,0.0
84,2020-05,56.2,68.9,0.0,4.8,0.0
85,2020-05,64.8,76.9,0.0,4.3,0.04
86,2020-05,61.4,88.1,0.0,6.7,0.64
87,2020-05,59.3,69.4,0.0,6.8,0.0
88,2020-05,62.0,81.5,0.0,4.9,0.0
89,2020-05,65.6,80.5,0.0,4.7,0.0
90,2020-05,66.7,82.4,0.0,5.1,0.0
91,2020-05,68.9,88.2,0.0,7.0,0.0
92,2020-05,72.8,82.2,0.0,6.7,0.13
93,2020-05,73.9,56.1,0.0,7.6,0.04
94,2020-05,62.9,40.3,0.0,10.5,0.0
95,2020-05,62.9,40.3,0.0,10.5,0.0
96,2020-06,61.6,42.7,0.0,6.4,0.0
97,2020-06,66.6,49.1,0.0,5.8,0.01
98,2020-06,71.5,75.1,0.0,6.1,0.49
99,2020-06,76.3,64.2,0.0,5.1,0.09
100,2020-06,72.8,86.9,0.0,4.4,0.38
101,2020-06,77.7,63.2,0.0,5.9,0.09
102,2020-06,70.4,45.6,0.0,8.4,0.0
103,2020-06,70.5,45.8,0.0,4.8,0.0
104,2020-06,78.5,48.0,0.0,5.9,0.01
105,2020-06,76.1,68.2,0.0,7.5,0.0
106,2020-06,74.6,83.8,0.0,6.9,0.08
107,2020-06,77.8,47.8,0.0,6.3,0.01
108,2020-06,67.3,42.6,0.0,7.8,0.0
109,2020-06,64.0,51.7,0.0,4.8,0.0
110,2020-06,66.3,59.2,0.0,5.8,0.0
111,2020-06,68.5,57.8,0.0,5.8,0.0
112,2020-06,68.9,70.9,0.0,6.4,0.0
113,2020-06,70.3,84.1,0.0,4.8,0.0
114,2020-06,73.7,74.3,0.0,5.1,0.0
115,2020-06,76.4,69.8,0.0,4.3,0.01
116,2020-06,77.4,68.9,0.0,4.8,0.0
117,2020-06,80.8,63.7,0.0,5.5,0.0
118,2020-06,78.6,71.1,0.0,6.3,0.0
119,2020-06,79.9,55.5,0.0,7.3,0.0
120,2020-06,77.5,49.8,0.0,5.0,0.0
121,2020-06,78.6,50.7,0.0,5.2,0.0
122,2020-06,75.9,71.7,0.0,4.3,0.11
123,2020-06,78.8,72.7,0.0,4.3,0.39
124,2020-06,76.4,70.1,0.0,5.8,0.07
125,2020-06,72.4,76.3,0.0,3.7,0.07
126,2020-06,72.4,76.3,0.0,3.7,0.07
127,2020-07,72.9,78.6,0.0,3.4,0.43
128,2020-07,80.7,60.6,0.0,3.7,0.0
129,2020-07,80.5,66.8,0.0,4.1,0.6
130,2020-07,76.2,72.2,0.0,5.1,0.0
131,2020-07,81.9,61.4,0.0,3.8,0.0
132,2020-07,79.7,66.6,0.0,4.1,0.89
133,2020-07,76.5,79.2,0.0,7.1,0.0
134,2020-07,79.0,79.7,0.0,4.6,0.51
135,2020-07,80.3,74.6,0.0,4.5,0.0
136,2020-07,74.8,92.6,0.0,9.4,1.81
137,2020-07,78.2,83.9,0.0,6.4,0.58
138,2020-07,81.1,59.5,0.0,7.3,0.01
139,2020-07,80.4,59.3,0.0,5.7,0.04
140,2020-07,78.5,57.4,0.0,6.1,0.0
141,2020-07,74.7,72.7,0.0,5.8,0.0
142,2020-07,72.7,68.5,0.0,6.6,0.0
143,2020-07,76.7,79.0,0.0,4.1,0.03
144,2020-07,82.5,61.7,0.0,3.3,0.0
145,2020-07,85.5,61.9,0.0,6.6,0.01
146,2020-07,87.6,58.9,0.0,5.9,0.0
147,2020-07,84.3,55.5,0.0,4.6,0.01
148,2020-07,81.3,76.6,0.0,4.4,0.85
149,2020-07,80.1,79.9,0.0,5.4,0.02
150,2020-07,76.5,83.9,0.0,3.6,0.15
151,2020-07,81.0,72.8,0.0,3.9,0.0
152,2019-04,53.6,85.5,0,3.2,0.03
153,2019-05,52.4,81.0,0,5.0,0.0
154,2019-05,58.5,82.7,0,4.6,0.14
155,2019-05,52.7,91.4,0,3.8,0.06
156,2019-05,59.5,88.5,0,2.8,0.1
157,2019-05,53.3,96.2,0,8.1,1.14
158,2019-05,58.9,71.4,0,5.2,0.0
159,2019-05,60.8,74.8,0,5.4,0.13
160,2019-05,60.8,68.4,0,5.3,0.0
161,2019-05,55.5,68.4,0,8.1,0.0
162,2019-05,64.8,81.2,0,6.0,0.03
163,2019-05,62.5,58.4,0,6.5,0.07
164,2019-05,47.0,94.1,0,10.3,1.11
165,2019-05,45.8,94.1,0,6.7,0.64
166,2019-05,47.5,90.1,0,3.8,0.29
167,2019-05,57.9,63.4,0,6.4,0.02
168,2019-05,63.7,58.7,0,4.9,0.08
169,2019-05,69.3,63.2,0,5.9,0.09
170,2019-05,64.4,51.4,0,5.7,0.0
171,2019-05,68.6,74.9,0,6.8,0.09
172,2019-05,77.2,60.6,0,9.3,0.03
173,2019-05,64.1,40.9,0,12.1,0.0
174,2019-05,66.3,37.9,0,5.8,0.0
175,2019-05,65.0,75.1,0,6.3,0.5
176,2019-05,68.9,58.1,0,12.1,0.0
177,2019-05,62.8,66.4,0,7.7,0.0
178,2019-05,74.0,68.4,0,6.6,0.15
179,2019-05,73.6,50.1,0,5.6,0.0
180,2019-05,67.1,78.9,0,5.4,0.4
181,2019-05,62.5,87.0,0,5.3,0.45
182,2019-05,61.6,92.4,0,3.7,0.77
183,2019-05,72.7,67.6,0,4.9,0.0
184,2019-05,72.7,67.6,0,4.9,0.0
185,2019-06,70.7,65.8,0,4.4,0.0
186,2019-06,72.0,68.3,0,5.5,0.36
187,2019-06,64.4,46.2,0,7.9,0.0
188,2019-06,64.2,45.2,0,6.4,0.0
189,2019-06,72.5,67.5,0,7.1,0.01
190,2019-06,77.1,66.0,0,6.7,0.09
191,2019-06,71.8,68.7,0,4.3,0.0
192,2019-06,71.2,54.0,0,6.6,0.0
193,2019-06,68.1,52.2,0,7.2,0.0
194,2019-06,64.2,91.2,0,6.5,0.5
195,2019-06,70.3,61.4,0,9.5,0.26
196,2019-06,66.9,54.5,0,6.2,0.0
197,2019-06,62.1,81.0,0,7.1,0.56
198,2019-06,66.8,59.7,0,8.8,0.0
199,2019-06,73.0,48.3,0,7.9,0.0
200,2019-06,74.4,71.9,0,5.9,0.05
201,2019-06,72.8,79.1,0,3.2,0.0
202,2019-06,70.3,92.8,0,3.6,0.92
203,2019-06,68.2,93.2,0,4.5,0.08
204,2019-06,71.1,93.2,0,4.4,0.53
205,2019-06,71.3,70.2,0,7.9,0.7
206,2019-06,72.8,47.8,0,8.5,0.0
207,2019-06,76.1,45.7,0,6.9,0.0
208,2019-06,77.4,55.3,0,4.2,0.0
209,2019-06,77.3,79.4,0,3.5,0.59
210,2019-06,81.3,57.2,0,4.8,0.0
211,2019-06,83.2,47.1,0,4.7,0.0
212,2019-06,82.4,49.1,0,3.9,0.0
213,2019-06,80.4,66.4,0,6.1,0.24
214,2019-06,76.9,58.7,0,9.4,0.0
215,2019-06,76.9,58.7,0,9.4,0.0
216,2019-07,76.9,52.2,0,5.5,0.0
217,2019-07,80.4,58.9,0,4.3,0.02
218,2019-07,81.0,65.9,0,2.8,0.01
219,2019-07,81.1,64.6,0,4.5,0.0
220,2019-07,78.5,79.1,0,4.9,0.0
221,2019-07,81.0,77.8,0,5.6,0.2
222,2019-07,77.7,71.7,0,6.1,0.0
223,2019-07,73.9,70.1,0,3.0,0.07
224,2019-07,79.8,59.3,0,3.8,0.0
225,2019-07,81.5,62.2,0,4.3,0.0
226,2019-07,77.4,76.1,0,6.0,1.14
227,2019-07,79.7,67.3,0,6.9,0.0
228,2019-07,79.9,59.7,0,5.8,0.0
229,2019-07,82.8,50.7,0,7.4,0.0
230,2019-07,79.3,51.0,0,4.1,0.0
231,2019-07,82.7,57.1,0,5.4,0.0
232,2019-07,84.0,70.3,0,5.9,0.92
233,2019-07,75.0,91.5,0,5.1,0.39
234,2019-07,83.2,74.0,0,5.6,0.0
235,2019-07,91.1,58.9,0,6.7,0.0
236,2019-07,90.1,59.5,0,7.2,0.02
237,2019-07,80.3,76.8,0,4.9,1.37
238,2019-07,70.9,85.3,0,5.7,0.73
239,2019-07,75.7,66.9,0,4.1,0.01
240,2019-07,77.5,57.0,0,4.1,0.0
241,2019-07,79.0,57.0,0,3.7,0.01
242,2019-07,79.1,61.9,0,5.3,0.0
243,2019-07,82.7,58.6,0,7.2,0.02
244,2019-07,84.3,58.9,0,5.3,0.0
245,2019-07,85.2,61.4,0,6.1,0.02
246,2019-07,77.8,74.3,0,3.2,0.87
247,2019-07,77.8,74.3,0,3.2,0.87
248,2019-08,79.3,60.9,0,3.1,0.01
249,2019-08,78.6,62.8,0,4.8,0.01
250,2019-08,78.5,72.1,0,5.3,0.43
251,2019-08,78.6,68.2,0,3.8,0.19
252,2019-08,76.0,63.4,0,4.9,0.0
253,2019-08,75.9,80.2,0,4.7,0.06
254,2019-08,75.0,85.8,0,6.4,1.12
255,2019-08,75.9,75.5,0,6.2,0.08
256,2019-08,75.8,62.5,0,4.9,0.04
257,2019-08,74.2,50.6,0,7.8,0.0
258,2019-08,73.4,53.4,0,4.7,0.0
259,2019-08,78.0,54.3,0,5.5,0.0
260,2019-08,76.4,78.9,0,4.3,0.05
261,2019-08,75.8,83.1,0,3.9,0.79
262,2019-08,75.4,74.7,0,5.8,0.0
263,2019-08,74.7,78.6,0,4.3,0.0
264,2019-08,78.4,81.6,0,4.8,0.0
265,2019-08,80.1,77.6,0,4.4,0.68
266,2019-08,80.0,75.5,0,4.6,0.0
267,2019-08,80.5,66.2,0,4.7,0.0
268,2019-08,80.2,78.2,0,5.5,0.17
269,2019-08,80.4,72.8,0,5.6,0.78
270,2019-08,70.3,76.7,0,3.9,0.12
271,2019-08,69.5,58.6,0,5.8,0.0
272,2019-08,68.8,67.0,0,8.8,0.0
273,2019-08,66.3,69.4,0,6.1,0.0
274,2019-08,67.9,73.6,0,4.0,0.0
275,2019-08,70.7,89.2,0,4.2,0.05
276,2019-08,73.8,59.7,0,7.3,0.0
277,2019-08,77.3,57.8,0,6.4,0.0
278,2019-08,74.5,54.4,0,5.1,0.0
279,2019-08,74.5,54.4,0,5.1,0.0
280,2019-09,70.4,66.8,0,6.0,0.0
281,2019-09,72.0,85.2,0,4.9,0.52
282,2019-09,74.0,66.5,0,4.6,0.0
283,2019-09,77.3,71.9,0,6.3,0.01
284,2019-09,69.1,64.0,0,4.5,0.0
285,2019-09,63.1,81.7,0,8.8,0.22
286,2019-09,66.5,66.9,0,7.0,0.0
287,2019-09,70.1,65.8,0,3.6,0.0
288,2019-09,70.2,70.1,0,5.2,0.0
289,2019-09,71.2,82.8,0,4.9,0.01
290,2019-09,78.7,73.1,0,6.7,0.0
291,2019-09,72.8,82.2,0,6.9,0.03
292,2019-09,63.8,68.5,0,7.1,0.0
293,2019-09,69.9,77.7,0,5.3,0.0
294,2019-09,74.6,65.1,0,3.4,0.0
295,2019-09,71.8,72.1,0,2.8,0.0
296,2019-09,68.3,51.6,0,5.4,0.0
297,2019-09,62.2,66.0,0,6.1,0.0
298,2019-09,60.3,57.5,0,2.9,0.0
299,2019-09,66.8,55.6,0,4.4,0.0
300,2019-09,71.6,59.1,0,2.2,0.0
301,2019-09,75.0,66.7,0,4.7,0.0
302,2019-09,78.9,67.1,0,6.3,0.08
303,2019-09,69.7,59.7,0,7.1,0.0
304,2019-09,68.3,60.7,0,3.6,0.0
305,2019-09,68.1,76.6,0,5.0,0.03
306,2019-09,66.2,66.5,0,3.8,0.0
307,2019-09,72.4,76.8,0,4.8,0.0
308,2019-09,71.9,59.9,0,6.3,0.0
309,2019-09,64.1,66.2,0,5.7,0.0
310,2019-09,64.1,66.2,0,5.7,0.0
311,2019-10,72.0,71.0,0,6.2,0.0
312,2019-10,77.5,72.7,0,7.3,0.27
313,2019-10,55.9,95.0,0,6.6,0.37
314,2019-10,57.8,71.0,0,8.7,0.0
315,2019-10,52.4,60.8,0,5.0,0.0
316,2019-10,64.9,76.5,0,5.8,0.0
317,2019-10,69.7,76.7,0,7.6,0.25
318,2019-10,59.6,76.0,0,7.1,0.03
319,2019-10,54.7,80.7,0,9.3,0.26
320,2019-10,60.3,52.9,0,9.4,0.0
321,2019-10,58.2,59.1,0,8.7,0.0
322,2019-10,60.0,70.1,0,3.9,0.0
323,2019-10,59.0,70.0,0,3.1,0.0
324,2019-10,63.4,63.1,0,4.8,0.0
325,2019-10,56.7,60.6,0,3.1,0.0
326,2019-10,58.6,85.6,0,9.8,1.37
327,2019-10,53.9,63.8,0,15.3,0.0
328,2019-10,51.8,63.4,0,10.5,0.0
329,2019-10,51.2,63.6,0,3.0,0.0
330,2019-10,52.2,87.7,0,4.0,0.39
331,2019-10,57.5,72.1,0,5.2,0.0
332,2019-10,58.1,88.7,0,6.3,0.28
333,2019-10,59.9,59.6,0,7.4,0.02
334,2019-10,57.0,52.6,0,4.7,0.0
335,2019-10,57.4,73.9,0,3.5,0.0
336,2019-10,57.8,64.0,0,4.1,0.01
337,2019-10,59.7,90.7,0,7.1,0.97
338,2019-10,58.3,77.2,0,4.5,0.0
339,2019-10,57.1,93.4,0,4.4,0.07
340,2019-10,60.7,95.2,0,4.1,0.04
341,2019-10,66.6,92.9,0,11.2,0.42
342,2019-10,66.6,92.9,0,11.2,0.42
343,2019-11,49.8,54.6,0,11.0,0.05
344,2019-11,45.5,65.9,0,3.7,0.0
345,2019-11,46.3,56.5,0,6.0,0.0
346,2019-11,48.6,58.7,0,5.4,0.0
347,2019-11,54.2,72.4,0,3.8,0.0
348,2019-11,49.0,53.2,0,5.1,0.0
349,2019-11,49.3,70.7,0,6.3,0.07
350,2019-11,34.9,54.5,0,10.6,0.0
351,2019-11,34.2,58.0,0,4.3,0.0
352,2019-11,44.4,59.6,0,4.3,0.0
353,2019-11,52.5,71.4,0,2.8,0.0
354,2019-11,39.6,64.5,0,11.0,0.03
355,2019-11,28.0,45.1,0,8.8,0.0
356,2019-11,36.9,53.9,0,4.3,0.0
357,2019-11,42.6,53.0,0,5.5,0.0
358,2019-11,36.2,36.4,0,9.1,0.0
359,2019-11,36.9,58.3,0,11.0,0.0
360,2019-11,39.5,92.0,0,6.3,0.31
361,2019-11,43.7,79.7,0,4.5,0.14
362,2019-11,42.5,67.3,0,7.5,0.0
363,2019-11,45.6,63.0,0,4.3,0.0
364,2019-11,46.4,64.8,0,8.8,0.05
365,2019-11,39.8,58.0,0,4.6,0.02
366,2019-11,41.5,88.3,0,9.2,0.58
367,2019-11,45.4,69.5,0,4.9,0.0
368,2019-11,49.7,70.0,0,3.4,0.0
369,2019-11,52.1,78.0,0,6.1,0.01
370,2019-11,45.1,57.5,0,14.5,0.0
371,2019-11,35.0,63.5,0,7.5,0.0
372,2019-11,36.0,51.2,0,5.2,0.0
373,2019-11,36.0,51.2,0.0,5.2,0.0
374,2019-12,33.2,77.1,1.3,9.0,0.51
375,2019-12,34.2,92.9,1.9,10.7,0.32
376,2019-12,32.8,76.7,2.1,10.2,0.01
377,2019-12,36.6,80.6,1.3,5.6,0.0
378,2019-12,38.0,66.4,1.0,9.9,0.0
379,2019-12,40.9,57.3,0.5,8.0,0.0
380,2019-12,33.5,54.0,0.0,7.4,0.0
381,2019-12,34.0,65.5,0.0,3.7,0.0
382,2019-12,47.3,94.2,0.0,4.9,1.13
383,2019-12,53.6,85.8,0.0,7.9,0.13
384,2019-12,34.5,77.6,0.9,6.7,0.19
385,2019-12,31.1,52.5,0.1,5.3,0.0
386,2019-12,40.9,85.2,0.1,4.3,0.49
387,2019-12,50.3,91.7,0.0,7.6,0.57
388,2019-12,42.5,57.8,0.0,10.9,0.0
389,2019-12,34.8,57.3,0.9,3.2,0.11
390,2019-12,33.3,91.9,2.3,5.8,0.7
391,2019-12,30.7,76.9,1.8,9.5,0.01
392,2019-12,20.6,61.0,1.5,11.3,0.0
393,2019-12,26.6,60.8,0.7,5.8,0.0
394,2019-12,28.1,69.5,0.5,2.2,0.0
395,2019-12,36.8,67.7,0.4,4.6,0.0
396,2019-12,44.3,58.8,0.0,4.8,0.0
397,2019-12,41.2,56.7,0.0,5.4,0.0
398,2019-12,37.2,68.8,0.0,2.6,0.0
399,2019-12,39.5,86.0,0.0,4.7,0.0
400,2019-12,48.9,79.7,0.0,4.5,0.0
401,2019-12,45.0,70.0,0.0,4.3,0.0
402,2019-12,40.1,77.7,0.0,4.3,0.13
403,2019-12,39.8,93.9,0.0,11.2,0.29
404,2019-12,40.7,83.6,0.0,5.8,0.02
405,2019-12,40.7,83.6,0.0,5.8,0.02
406,2020-01,37.1,58.7,0.0,9.3,0.0
407,2020-01,40.1,63.2,0.0,4.4,0.0
408,2020-01,46.2,86.7,0.0,2.8,0.07
409,2020-01,47.2,92.0,0.0,4.9,0.19
410,2020-01,38.1,56.7,0.0,12.6,0.0
411,2020-01,38.2,69.6,0.4,6.6,0.04
412,2020-01,39.1,58.2,0.0,4.5,0.0
413,2020-01,34.2,62.2,0.0,11.6,0.0
414,2020-01,28.7,46.8,0.0,5.8,0.0
415,2020-01,43.5,75.7,0.0,5.4,0.0
416,2020-01,57.8,77.8,0.0,8.3,0.0
417,2020-01,60.1,62.4,0.0,11.8,0.04
418,2020-01,41.3,78.7,0.0,3.5,0.0
419,2020-01,41.3,87.3,0.0,3.2,0.02
420,2020-01,45.2,72.9,0.0,4.5,0.0
421,2020-01,42.0,69.2,0.0,12.0,0.04
422,2020-01,25.7,41.3,0.0,13.0,0.0
423,2020-01,26.5,67.5,4.0,5.0,0.25
424,2020-01,36.9,67.4,3.1,9.6,0.0
425,2020-01,24.9,46.6,0.3,10.1,0.0
426,2020-01,25.9,53.9,0.0,4.9,0.0
427,2020-01,31.0,59.7,0.0,2.1,0.0
428,2020-01,37.4,57.8,0.0,2.1,0.0
429,2020-01,41.3,58.5,0.0,3.8,0.0
430,2020-01,42.6,91.6,0.0,9.6,0.69
431,2020-01,40.7,71.7,0.0,6.7,0.0
432,2020-01,40.2,66.1,0.0,7.7,0.0
433,2020-01,38.9,61.6,0.0,9.2,0.0
434,2020-01,35.1,52.0,0.0,7.1,0.0
435,2020-01,31.0,59.6,0.0,4.1,0.0
436,2020-01,37.4,76.7,0.0,2.5,0.01
437,2018-06,84.1,50.5,0,3.6,0.06
438,2018-07,87.6,58.6,0,2.9,0.0
439,2018-07,85.7,63.5,0,3.8,0.02
440,2018-07,81.6,80.9,0,2.8,0.09
441,2018-07,81.4,76.4,0,2.5,0.0
442,2018-07,82.2,75.4,0,5.5,0.0
443,2018-07,77.2,74.7,0,6.2,0.16
444,2018-07,68.7,53.7,0,5.5,0.0
445,2018-07,72.5,56.2,0,2.7,0.01
446,2018-07,76.8,56.3,0,4.0,0.0
447,2018-07,83.0,52.3,0,4.3,0.0
448,2018-07,78.9,63.5,0,5.5,0.0
449,2018-07,76.7,56.7,0,3.8,0.18
450,2018-07,77.4,58.5,0,4.5,0.03
451,2018-07,81.3,54.2,0,6.6,0.21
452,2018-07,76.8,78.7,0,5.0,0.46
453,2018-07,83.5,68.5,0,5.5,0.0
454,2018-07,78.3,81.7,0,5.8,0.93
455,2018-07,76.5,58.3,0,6.8,0.0
456,2018-07,74.0,54.7,0,4.6,0.0
457,2018-07,74.7,64.7,0,4.5,0.0
458,2018-07,71.6,70.7,0,9.1,0.36
459,2018-07,75.6,88.9,0,10.2,0.45
460,2018-07,77.6,88.2,0,9.9,0.1
461,2018-07,79.0,84.4,0,10.2,0.0
462,2018-07,76.1,91.2,0,8.4,0.34
463,2018-07,79.7,75.8,0,4.8,0.02
464,2018-07,78.2,77.6,0,5.1,0.42
465,2018-07,78.3,75.4,0,2.9,0.0
466,2018-07,76.8,63.6,0,4.2,0.0
467,2018-07,74.4,70.9,0,3.2,0.08
468,2018-07,75.2,73.0,0,4.3,0.0
469,2018-07,75.2,73.0,0,4.3,0.0
470,2018-08,80.9,79.2,0,7.2,0.06
471,2018-08,81.8,74.1,0,5.4,0.22
472,2018-08,78.8,83.9,0,4.8,0.19
473,2018-08,79.5,78.6,0,4.3,0.53
474,2018-08,84.1,60.9,0,3.6,0.0
475,2018-08,86.2,61.7,0,4.4,0.0
476,2018-08,82.5,75.0,0,6.3,0.1
477,2018-08,83.6,68.4,0,4.0,0.02
478,2018-08,82.4,62.9,0,6.1,0.32
479,2018-08,81.6,57.5,0,4.0,0.01
480,2018-08,74.3,89.2,0,3.5,2.29
481,2018-08,77.5,82.8,0,4.6,0.13
482,2018-08,73.4,92.3,0,5.3,0.52
483,2018-08,75.0,84.3,0,4.6,0.5
484,2018-08,81.1,64.9,0,6.9,0.01
485,2018-08,84.4,60.5,0,4.8,0.0
486,2018-08,82.4,72.8,0,5.9,0.54
487,2018-08,77.7,83.1,0,5.5,0.09
488,2018-08,70.6,82.3,0,6.0,0.05
489,2018-08,70.9,80.0,0,4.3,0.0
490,2018-08,72.7,78.4,0,5.4,0.08
491,2018-08,77.0,75.0,0,6.9,0.46
492,2018-08,72.4,59.5,0,6.0,0.0
493,2018-08,74.4,58.1,0,3.5,0.0
494,2018-08,73.6,63.1,0,3.3,0.0
495,2018-08,77.0,69.5,0,4.6,0.0
496,2018-08,82.1,70.3,0,3.8,0.0
497,2018-08,87.8,63.4,0,5.3,0.0
498,2018-08,88.7,60.2,0,6.0,0.0
499,2018-08,84.2,62.1,0,6.0,0.0
500,2018-08,73.3,76.0,0,6.2,0.05
501,2018-08,73.3,76.0,0,6.2,0.05
502,2018-09,72.8,72.2,0,4.4,0.0
503,2018-09,75.4,78.6,0,3.1,0.0
504,2018-09,83.0,76.0,0,3.8,0.01
505,2018-09,85.0,63.2,0,3.6,0.0
506,2018-09,82.2,74.7,0,4.6,0.0
507,2018-09,82.6,76.8,0,4.8,0.12
508,2018-09,73.4,84.2,0,5.7,0.0
509,2018-09,66.7,73.7,0,6.5,0.01
510,2018-09,58.9,85.2,0,7.1,0.34
511,2018-09,60.3,95.7,0,8.6,0.48
512,2018-09,68.8,93.3,0,2.5,0.0
513,2018-09,73.4,95.3,0,3.5,0.16
514,2018-09,71.9,90.3,0,6.0,0.15
515,2018-09,71.5,85.2,0,5.6,0.0
516,2018-09,72.5,80.5,0,2.7,0.0
517,2018-09,75.0,74.3,0,2.5,0.0
518,2018-09,73.8,86.3,0,4.1,0.0
519,2018-09,74.3,91.9,0,5.2,0.81
520,2018-09,74.2,77.9,0,4.7,0.01
521,2018-09,68.2,74.3,0,4.0,0.0
522,2018-09,70.4,79.1,0,5.6,0.01
523,2018-09,69.4,64.4,0,6.6,0.0
524,2018-09,62.8,75.6,0,3.5,0.0
525,2018-09,62.3,74.5,0,9.1,0.0
526,2018-09,66.5,93.8,0,6.8,1.43
527,2018-09,75.3,88.3,0,4.9,0.1
528,2018-09,66.9,67.5,0,6.1,0.0
529,2018-09,59.8,89.4,0,5.7,0.53
530,2018-09,64.1,74.2,0,3.8,0.0
531,2018-09,63.2,71.6,0,3.5,0.0
532,2018-09,63.2,71.6,0,3.5,0.0
533,2018-10,69.4,83.1,0,3.2,0.0
534,2018-10,71.7,82.9,0,4.8,0.54
535,2018-10,68.4,77.4,0,4.5,0.0
536,2018-10,69.5,84.4,0,3.3,0.02
537,2018-10,65.2,71.0,0,5.3,0.0
538,2018-10,65.2,88.0,0,4.4,0.0
539,2018-10,73.4,86.2,0,3.8,0.0
540,2018-10,65.9,92.9,0,5.7,0.0
541,2018-10,71.1,90.1,0,2.8,0.0
542,2018-10,73.6,88.0,0,4.3,0.0
543,2018-10,72.2,93.3,0,4.5,0.64
544,2018-10,58.5,67.9,0,9.0,0.38
545,2018-10,51.2,73.9,0,4.4,0.08
546,2018-10,52.5,69.8,0,3.1,0.0
547,2018-10,60.9,88.7,0,6.1,0.04
548,2018-10,51.8,58.6,0,7.2,0.0
549,2018-10,52.6,59.1,0,10.0,0.0
550,2018-10,45.6,49.3,0,8.1,0.0
551,2018-10,51.8,58.6,0,6.8,0.0
552,2018-10,57.1,72.7,0,7.4,0.06
553,2018-10,44.9,62.2,0,9.1,0.0
554,2018-10,45.2,65.4,0,4.8,0.01
555,2018-10,54.3,63.4,0,5.1,0.0
556,2018-10,48.7,60.4,0,9.5,0.0
557,2018-10,44.7,61.0,0,6.4,0.0
558,2018-10,44.3,69.4,0,3.8,0.0
559,2018-10,47.3,94.1,0,11.2,0.75
560,2018-10,49.3,83.8,0,5.4,0.02
561,2018-10,51.4,76.8,0,7.1,0.02
562,2018-10,48.1,58.1,0,6.3,0.0
563,2018-10,54.3,68.8,0,4.7,0.0
564,2018-10,54.3,68.8,0.0,4.7,0.0
565,2018-11,62.7,77.6,0.0,4.5,0.0
566,2018-11,66.7,88.8,0.0,7.2,0.13
567,2018-11,54.9,71.9,0.0,9.0,0.31
568,2018-11,48.5,62.1,0.0,2.9,0.0
569,2018-11,50.1,88.9,0.0,7.2,0.22
570,2018-11,54.2,96.1,0.0,4.1,0.63
571,2018-11,57.4,60.5,0.0,7.8,0.0
572,2018-11,49.4,56.1,0.0,4.7,0.0
573,2018-11,46.6,79.7,0.0,5.9,0.71
574,2018-11,42.1,63.3,0.0,9.8,0.02
575,2018-11,39.1,58.3,0.0,5.3,0.0
576,2018-11,42.2,67.8,0.0,2.5,0.04
577,2018-11,45.7,85.0,0.0,7.2,0.71
578,2018-11,36.4,52.0,0.0,8.1,0.0
579,2018-11,32.6,74.0,5.9,8.4,0.7
580,2018-11,39.5,82.6,5.0,10.4,0.19
581,2018-11,42.7,69.6,2.3,7.4,0.0
582,2018-11,41.5,66.1,0.0,2.9,0.0
583,2018-11,45.4,80.5,0.0,2.5,0.0
584,2018-11,43.7,77.5,0.0,6.3,0.0
585,2018-11,37.6,60.8,0.0,9.5,0.0
586,2018-11,22.7,43.3,0.0,10.3,0.0
587,2018-11,24.6,46.0,0.0,3.5,0.0
588,2018-11,38.6,76.8,0.0,5.0,0.82
589,2018-11,50.0,76.9,0.0,5.7,0.58
590,2018-11,47.7,86.9,0.0,7.9,0.83
591,2018-11,41.1,72.8,0.0,11.8,0.04
592,2018-11,38.7,64.2,0.0,12.2,0.0
593,2018-11,40.8,62.0,0.0,10.2,0.0
594,2018-11,39.4,75.1,0.0,2.5,0.05
595,2018-11,39.4,75.1,0.0,2.5,0.05
596,2018-12,40.8,80.2,0.0,3.0,0.04
597,2018-12,49.4,96.2,0.0,4.2,0.48
598,2018-12,51.2,73.9,0.0,8.0,0.0
599,2018-12,36.9,54.6,0.0,8.3,0.0
600,2018-12,31.3,60.4,0.0,4.6,0.0
601,2018-12,34.5,61.5,0.0,7.1,0.0
602,2018-12,33.7,53.9,0.0,8.1,0.0
603,2018-12,29.0,60.3,0.1,5.1,0.01
604,2018-12,30.5,62.2,0.0,3.0,0.0
605,2018-12,31.9,61.4,0.0,4.9,0.0
606,2018-12,32.5,67.5,0.0,3.8,0.0
607,2018-12,35.3,65.0,0.0,5.5,0.0
608,2018-12,35.6,80.8,0.0,7.3,0.03
609,2018-12,45.5,89.0,0.0,4.5,0.13
610,2018-12,48.5,88.0,0.0,5.5,0.12
611,2018-12,39.4,92.2,0.4,10.8,1.22
612,2018-12,41.1,71.1,0.3,11.3,0.01
613,2018-12,32.5,52.8,0.0,12.0,0.0
614,2018-12,33.2,62.1,0.0,4.2,0.0
615,2018-12,39.8,84.4,0.0,3.3,0.23
616,2018-12,55.9,97.1,0.0,9.4,1.37
617,2018-12,44.5,72.9,0.0,11.5,0.01
618,2018-12,39.3,59.9,0.0,5.4,0.0
619,2018-12,38.4,76.1,0.0,5.6,0.09
620,2018-12,35.6,60.9,0.0,6.6,0.0
621,2018-12,36.5,63.6,0.0,4.3,0.0
622,2018-12,39.8,67.0,0.0,4.7,0.0
623,2018-12,51.0,95.1,0.0,5.2,0.92
624,2018-12,47.6,68.9,0.0,9.4,0.0
625,2018-12,36.3,74.1,0.0,2.7,0.0
626,2018-12,39.8,89.5,0.0,3.8,0.99
627,2018-12,39.8,89.5,0.0,3.8,0.99
628,2019-01,49.0,74.2,0.0,9.9,0.06
629,2019-01,36.9,63.9,0.0,4.6,0.0
630,2019-01,39.9,71.9,0.0,5.8,0.0
631,2019-01,39.9,72.6,0.0,5.1,0.0
632,2019-01,43.2,93.0,0.0,7.2,0.41
633,2019-01,40.7,61.9,0.0,10.0,0.0
634,2019-01,29.1,46.6,0.0,5.8,0.0
635,2019-01,39.5,90.3,0.1,2.3,0.13
636,2019-01,40.6,61.3,0.0,12.7,0.06
637,2019-01,31.5,57.3,0.0,14.5,0.0
638,2019-01,25.2,45.9,0.0,10.9,0.0
639,2019-01,27.1,47.3,0.0,4.0,0.0
640,2019-01,28.3,51.0,0.2,7.3,0.0
641,2019-01,25.9,60.2,0.0,6.8,0.0
642,2019-01,28.7,60.1,0.0,3.7,0.0
643,2019-01,33.4,64.5,0.0,6.9,0.0
644,2019-01,28.8,49.4,0.0,4.8,0.0
645,2019-01,33.5,87.9,0.5,3.7,0.02
646,2019-01,34.1,73.6,1.4,6.2,0.3
647,2019-01,29.4,83.9,1.9,13.3,0.85
648,2019-01,9.8,53.2,0.9,18.6,0.0
649,2019-01,22.0,48.3,0.5,6.3,0.0
650,2019-01,36.9,64.7,0.0,5.0,0.0
651,2019-01,47.9,88.7,0.0,12.0,0.99
652,2019-01,34.0,49.7,0.0,9.5,0.0
653,2019-01,28.8,45.6,0.0,5.2,0.0
654,2019-01,39.1,62.1,0.0,6.8,0.0
655,2019-01,28.0,50.4,0.0,6.2,0.0
656,2019-01,33.0,81.3,0.2,5.0,0.18
657,2019-01,20.5,53.1,0.4,13.3,0.01
658,2019-01,9.4,43.0,0.6,9.5,0.0
659,2019-01,9.4,43.0,0.6,9.5,0.0
660,2019-02,15.9,43.1,0.6,4.8,0.0
661,2019-02,25.2,56.2,0.4,7.0,0.01
662,2019-02,38.9,69.8,0.0,3.4,0.0
663,2019-02,44.7,70.6,0.0,3.3,0.0
664,2019-02,50.4,70.5,0.0,3.9,0.0
665,2019-02,40.2,75.0,0.0,5.4,0.36
666,2019-02,41.1,93.9,0.0,5.4,0.06
667,2019-02,42.5,69.2,0.0,9.7,0.34
668,2019-02,27.7,45.2,0.0,13.1,0.0
669,2019-02,29.3,50.0,0.0,4.9,0.0
670,2019-02,33.6,60.5,0.2,4.0,0.0
671,2019-02,30.4,76.9,4.0,9.1,0.62
672,2019-02,35.6,73.4,2.7,9.6,0.06
673,2019-02,38.3,53.2,0.6,7.5,0.0
674,2019-02,48.2,71.9,0.6,5.5,0.0
675,2019-02,37.6,51.6,0.0,7.8,0.0
676,2019-02,31.7,61.3,0.2,5.5,0.05
677,2019-02,34.0,79.1,0.5,8.7,0.08
678,2019-02,28.8,48.3,0.0,7.4,0.0
679,2019-02,28.2,73.2,2.4,4.4,0.33
680,2019-02,41.5,75.9,1.6,5.9,0.12
681,2019-02,39.8,53.5,0.0,7.2,0.0
682,2019-02,36.3,69.6,0.0,4.2,0.0
683,2019-02,42.0,87.0,0.0,9.0,0.55
684,2019-02,36.5,39.6,0.0,18.3,0.0
685,2019-02,29.0,43.3,0.0,11.7,0.0
686,2019-02,26.6,55.4,0.0,5.3,0.0
687,2019-02,30.8,61.5,0.2,7.1,0.03
688,2019-02,30.8,61.5,0.2,7.1,0.03
689,2019-03,31.2,80.8,1.3,5.3,0.02
690,2019-03,35.3,85.9,3.6,5.4,0.39
691,2019-03,36.9,73.9,2.4,4.3,0.42
692,2019-03,33.8,71.8,4.1,8.4,0.2
693,2019-03,25.8,50.6,1.6,7.3,0.0
694,2019-03,21.6,51.7,1.0,9.3,0.0
695,2019-03,24.9,52.0,0.5,6.9,0.0
696,2019-03,31.1,56.8,0.7,3.2,0.0
697,2019-03,38.8,59.8,0.7,3.8,0.0
698,2019-03,38.2,92.9,1.4,6.9,0.5
699,2019-03,46.3,53.3,0.4,10.2,0.0
700,2019-03,37.1,50.6,0.0,9.3,0.0
701,2019-03,38.5,58.6,0.0,3.8,0.0
702,2019-03,47.4,67.4,0.0,5.8,0.0
703,2019-03,58.5,77.5,0.0,6.9,0.39
704,2019-03,45.6,45.5,0.0,12.0,0.0
705,2019-03,37.4,41.1,0.0,7.0,0.0
706,2019-03,38.0,44.3,0.0,4.2,0.0
707,2019-03,40.5,49.3,0.0,4.1,0.0
708,2019-03,42.6,62.2,0.0,5.1,0.0
709,2019-03,43.1,89.2,0.0,8.6,0.73
710,2019-03,43.2,76.9,0.0,14.1,0.48
711,2019-03,40.2,45.8,0.0,14.4,0.0
712,2019-03,49.3,29.5,0.0,7.5,0.0
713,2019-03,49.2,40.9,0.0,5.9,0.0
714,2019-03,40.0,25.9,0.0,8.3,0.0
715,2019-03,37.9,44.2,0.0,5.2,0.0
716,2019-03,42.9,65.2,0.0,5.4,0.0
717,2019-03,52.5,68.5,0.0,3.9,0.01
718,2019-03,56.0,65.7,0.0,7.3,0.0
719,2019-03,49.1,72.2,0.0,8.9,0.08
720,2017-08,71.4,62.9,0,5.8,0.01
721,2017-09,63.1,48.9,0,5.7,0.0
722,2017-09,60.6,70.2,0,4.7,0.41
723,2017-09,64.1,87.1,0,6.5,0.46
724,2017-09,71.0,65.9,0,6.4,0.0
725,2017-09,75.8,74.0,0,5.1,0.02
726,2017-09,65.6,88.4,0,3.9,0.36
727,2017-09,65.5,72.3,0,5.8,0.0
728,2017-09,64.3,64.1,0,5.7,0.01
729,2017-09,61.2,67.8,0,4.9,0.04
730,2017-09,64.0,63.1,0,5.0,0.01
731,2017-09,66.3,58.9,0,2.8,0.01
732,2017-09,69.7,66.0,0,2.5,0.01
733,2017-09,71.3,77.2,0,2.8,0.1
734,2017-09,74.5,80.7,0,2.9,0.01
735,2017-09,74.5,75.0,0,2.6,0.01
736,2017-09,73.3,84.6,0,2.9,0.02
737,2017-09,72.6,82.6,0,2.3,0.0
738,2017-09,70.7,86.0,0,4.9,0.0
739,2017-09,71.8,82.7,0,8.0,0.16
740,2017-09,74.3,73.4,0,7.8,0.0
741,2017-09,74.6,70.3,0,5.8,0.02
742,2017-09,73.3,53.4,0,7.6,0.0
743,2017-09,76.8,49.6,0,5.1,0.01
744,2017-09,78.4,60.7,0,2.2,0.0
745,2017-09,77.3,69.7,0,2.7,0.02
746,2017-09,74.0,79.8,0,2.5,0.0
747,2017-09,77.4,80.4,0,3.2,0.0
748,2017-09,70.8,59.5,0,8.2,0.02
749,2017-09,61.2,58.8,0,3.0,0.0
750,2017-09,58.2,73.8,0,6.5,0.0
751,2017-09,58.2,73.8,0,6.5,0.0
752,2017-10,58.7,64.1,0,3.0,0.0
753,2017-10,61.7,59.7,0,2.3,0.0
754,2017-10,61.1,67.7,0,4.0,0.0
755,2017-10,65.1,72.5,0,4.8,0.0
756,2017-10,72.8,69.0,0,5.6,0.01
757,2017-10,72.9,74.9,0,3.1,0.02
758,2017-10,72.6,81.4,0,5.1,0.01
759,2017-10,74.6,88.6,0,5.7,0.2
760,2017-10,73.8,93.3,0,6.3,0.23
761,2017-10,72.9,70.6,0,4.3,0.03
762,2017-10,67.6,76.2,0,4.9,0.1
763,2017-10,59.1,74.7,0,7.5,0.03
764,2017-10,59.3,79.3,0,4.7,0.0
765,2017-10,66.4,87.0,0,2.6,0.02
766,2017-10,68.6,85.8,0,4.9,0.0
767,2017-10,56.2,65.1,0,7.1,0.02
768,2017-10,50.6,60.0,0,4.0,0.0
769,2017-10,59.9,60.4,0,3.5,0.0
770,2017-10,62.3,59.2,0,4.7,0.0
771,2017-10,64.2,46.1,0,5.1,0.01
772,2017-10,64.2,51.7,0,2.5,0.04
773,2017-10,63.5,65.2,0,2.6,0.18
774,2017-10,67.3,84.1,0,6.1,0.0
775,2017-10,69.3,90.5,0,9.5,0.23
776,2017-10,61.4,69.1,0,2.8,0.04
777,2017-10,53.9,63.1,0,5.9,0.01
778,2017-10,54.6,61.8,0,3.3,0.0
779,2017-10,60.8,75.8,0,4.8,0.0
780,2017-10,63.1,94.1,0,7.5,2.07
781,2017-10,52.8,67.2,0,9.1,0.18
782,2017-10,50.6,55.2,0,7.0,0.0
783,2017-10,50.6,55.2,0,7.0,0.0
784,2017-11,49.7,69.2,0,3.2,0.0
785,2017-11,64.2,83.1,0,3.5,0.0
786,2017-11,63.6,74.4,0,5.4,0.01
787,2017-11,51.0,64.6,0,4.2,0.03
788,2017-11,56.7,89.8,0,3.9,0.02
789,2017-11,59.8,85.5,0,5.6,0.02
790,2017-11,43.3,78.9,0,5.2,0.6
791,2017-11,43.3,80.4,0,4.7,0.02
792,2017-11,47.6,78.5,0,3.5,0.0
793,2017-11,35.6,53.9,0,9.7,0.0
794,2017-11,30.6,51.2,0,3.5,0.0
795,2017-11,38.1,59.5,0,1.9,0.0
796,2017-11,41.8,77.0,0,3.7,0.07
797,2017-11,40.6,77.2,0,4.8,0.0
798,2017-11,43.6,74.7,0,3.9,0.0
799,2017-11,50.5,74.3,0,6.8,0.17
800,2017-11,41.9,52.5,0,8.9,0.0
801,2017-11,44.2,73.0,0,3.2,0.08
802,2017-11,49.9,68.2,0,10.7,0.17
803,2017-11,41.3,57.1,0,7.8,0.0
804,2017-11,49.1,58.6,0,4.9,0.0
805,2017-11,46.1,72.8,0,6.2,0.15
806,2017-11,36.7,57.2,0,4.1,0.0
807,2017-11,41.9,57.8,0,2.9,0.0
808,2017-11,48.3,61.8,0,4.1,0.0
809,2017-11,44.0,57.6,0,7.7,0.0
810,2017-11,43.7,52.5,0,6.7,0.0
811,2017-11,44.7,70.2,0,4.3,0.0
812,2017-11,51.2,58.4,0,5.5,0.0
813,2017-11,44.2,70.6,0,2.8,0.03
814,2017-11,44.2,70.6,0.0,2.8,0.03
815,2017-12,46.3,68.2,0.0,4.3,0.0
816,2017-12,42.1,69.1,0.0,2.0,0.0
817,2017-12,44.1,80.2,0.0,2.3,0.0
818,2017-12,44.0,82.3,0.0,3.4,0.0
819,2017-12,55.3,85.6,0.0,7.0,0.48
820,2017-12,44.6,53.8,0.0,8.0,0.0
821,2017-12,40.3,50.8,0.0,7.9,0.0
822,2017-12,36.1,54.6,0.0,4.2,0.0
823,2017-12,32.6,78.6,3.5,4.0,0.34
824,2017-12,33.8,71.5,3.4,6.9,0.0
825,2017-12,37.0,63.7,1.4,4.7,0.01
826,2017-12,42.0,70.9,0.6,7.6,0.01
827,2017-12,25.2,49.5,0.2,12.4,0.01
828,2017-12,25.9,70.3,1.8,5.6,0.05
829,2017-12,23.2,71.4,1.9,2.8,0.07
830,2017-12,31.1,71.6,2.0,6.4,0.0
831,2017-12,34.4,69.0,0.6,2.5,0.0
832,2017-12,40.1,77.8,0.5,3.4,0.02
833,2017-12,49.4,65.5,0.0,7.7,0.0
834,2017-12,41.7,49.9,0.0,7.3,0.0
835,2017-12,35.2,54.8,0.0,2.9,0.0
836,2017-12,39.7,69.4,0.0,3.3,0.0
837,2017-12,41.4,94.2,0.0,4.4,0.38
838,2017-12,37.7,72.9,0.0,6.2,0.01
839,2017-12,33.3,65.7,0.3,11.5,0.19
840,2017-12,25.2,41.5,0.1,8.5,0.0
841,2017-12,20.3,49.0,0.0,6.0,0.0
842,2017-12,14.5,48.7,0.0,8.7,0.0
843,2017-12,16.1,56.4,0.1,6.0,0.01
844,2017-12,19.7,74.8,0.7,4.0,0.03
845,2017-12,13.4,59.3,0.7,8.3,0.0
846,2017-12,13.4,59.3,0.7,8.3,0.0
847,2018-01,12.6,55.1,0.6,7.6,0.0
848,2018-01,18.2,59.3,0.5,7.8,0.0
849,2018-01,22.2,52.9,0.5,3.2,0.0
850,2018-01,22.8,78.4,10.2,14.4,0.52
851,2018-01,12.2,53.1,9.2,14.3,0.0
852,2018-01,9.1,49.1,8.3,12.5,0.0
853,2018-01,11.8,55.3,7.7,5.6,0.0
854,2018-01,24.6,66.9,6.7,5.6,0.07
855,2018-01,35.0,64.8,5.6,6.2,0.0
856,2018-01,33.7,71.3,2.5,2.8,0.0
857,2018-01,42.3,83.0,1.3,1.9,0.0
858,2018-01,51.5,95.2,0.0,6.3,0.42
859,2018-01,34.0,72.8,0.0,10.1,0.06
860,2018-01,18.3,51.2,0.0,7.3,0.0
861,2018-01,22.7,68.4,0.0,6.3,0.0
862,2018-01,30.6,81.7,0.0,2.8,0.0
863,2018-01,30.6,84.4,0.5,5.8,0.1
864,2018-01,25.1,59.0,0.5,7.0,0.0
865,2018-01,31.1,59.2,1.0,4.4,0.0
866,2018-01,42.3,54.7,1.0,6.8,0.0
867,2018-01,43.8,64.3,0.0,2.8,0.0
868,2018-01,42.2,87.0,0.0,4.3,0.0
869,2018-01,48.3,81.8,0.0,7.4,0.27
870,2018-01,37.1,58.7,0.0,9.6,0.0
871,2018-01,27.9,45.6,0.0,7.3,0.0
872,2018-01,30.9,49.2,0.0,3.2,0.0
873,2018-01,44.3,68.8,0.0,4.8,0.0
874,2018-01,48.5,82.1,0.0,3.1,0.25
875,2018-01,40.3,66.5,0.0,7.2,0.0
876,2018-01,30.5,77.6,1.4,7.0,0.04
877,2018-01,25.7,54.3,0.3,5.8,0.0
878,2018-01,25.7,54.3,0.3,5.8,0.0
879,2018-02,37.9,68.2,0.0,3.3,0.05
880,2018-02,26.3,59.4,0.0,10.9,0.15
881,2018-02,23.9,50.3,0.0,6.9,0.0
882,2018-02,36.6,73.8,0.0,4.2,0.9
883,2018-02,31.6,66.2,0.0,7.1,0.0
884,2018-02,30.8,61.3,0.0,2.5,0.0
885,2018-02,33.0,85.0,2.2,6.3,0.61
886,2018-02,29.0,61.8,0.3,7.3,0.0
887,2018-02,30.8,67.7,0.2,4.0,0.0
888,2018-02,42.3,90.2,0.0,1.4,0.43
889,2018-02,48.4,96.2,0.0,3.3,1.02
890,2018-02,43.2,63.0,0.0,7.4,0.0
891,2018-02,31.2,60.0,0.0,4.2,0.0
892,2018-02,42.8,73.6,0.0,3.6,0.08
893,2018-02,51.2,87.6,0.0,3.6,0.11
894,2018-02,50.3,78.4,0.0,6.7,0.11
895,2018-02,33.0,69.8,2.2,4.1,0.4
896,2018-02,37.1,71.7,2.3,4.3,0.0
897,2018-02,41.7,84.6,0.3,2.7,0.03
898,2018-02,54.9,87.2,0.0,3.6,0.0
899,2018-02,63.6,78.4,0.0,5.8,0.03
900,2018-02,43.2,79.5,0.0,6.7,0.1
901,2018-02,38.1,91.9,0.0,4.9,0.04
902,2018-02,46.8,85.2,0.0,4.0,0.05
903,2018-02,42.0,93.2,0.0,5.7,0.6
904,2018-02,45.5,65.8,0.0,4.8,0.0
905,2018-02,45.5,48.3,0.0,4.4,0.0
906,2018-02,49.9,54.4,0.0,5.1,0.01
907,2018-02,49.9,54.4,0.0,5.1,0.01
908,2018-03,52.3,66.7,0.0,5.0,0.37
909,2018-03,36.7,91.1,1.3,14.8,1.76
910,2018-03,40.5,67.0,0.8,12.2,0.0
911,2018-03,39.0,59.8,0.0,10.9,0.0
912,2018-03,36.7,62.7,0.0,8.3,0.0
913,2018-03,38.2,67.8,0.0,4.8,0.0
914,2018-03,33.9,93.1,4.8,10.0,1.03
915,2018-03,35.7,74.7,4.8,7.3,0.01
916,2018-03,34.6,65.0,3.3,9.4,0.0
917,2018-03,35.2,58.4,1.9,8.4,0.0
918,2018-03,37.6,54.6,1.5,5.5,0.0
919,2018-03,36.6,72.3,0.5,6.9,0.05
920,2018-03,35.1,77.1,0.8,10.0,0.2
921,2018-03,34.6,64.8,0.3,11.6,0.01
922,2018-03,38.1,56.8,0.1,10.1,0.0
923,2018-03,34.5,56.4,0.2,10.8,0.01
924,2018-03,37.0,44.8,0.2,8.3,0.0
925,2018-03,35.6,38.0,0.0,6.2,0.0
926,2018-03,37.9,42.5,0.1,4.5,0.0
927,2018-03,34.6,45.5,0.1,6.5,0.0
928,2018-03,32.9,82.0,5.8,9.4,0.52
929,2018-03,39.7,63.5,6.3,7.9,0.04
930,2018-03,40.3,52.0,2.4,6.1,0.0
931,2018-03,41.0,48.7,0.3,6.4,0.0
932,2018-03,37.8,61.4,0.0,6.6,0.0
933,2018-03,38.6,62.2,0.0,4.9,0.0
934,2018-03,38.2,63.8,0.0,2.8,0.02
935,2018-03,44.6,82.4,0.0,3.3,0.02
936,2018-03,48.9,90.2,0.0,3.2,0.01
937,2018-03,50.3,80.4,0.0,5.7,0.03
938,2018-03,45.6,44.6,0.0,6.3,0.0
939,2018-03,45.6,44.6,0.0,6.3,0.0
940,2018-04,49.4,52.7,0.0,6.6,0.0
941,2018-04,37.1,78.8,2.1,4.1,0.33
942,2018-04,39.1,90.8,0.2,3.8,0.12
943,2018-04,46.2,72.8,0.0,8.6,0.02
944,2018-04,38.6,41.3,0.0,10.4,0.0
945,2018-04,46.1,63.1,0.0,5.6,0.06
946,2018-04,42.1,47.6,0.0,7.3,0.0
947,2018-04,36.6,47.8,0.0,7.7,0.0
948,2018-04,38.8,51.4,0.0,4.8,0.01
949,2018-04,42.1,62.3,0.0,4.8,0.01
950,2018-04,42.8,55.5,0.0,4.0,0.01
951,2018-04,52.0,60.1,0.0,5.2,0.0
952,2018-04,67.9,46.3,0.0,7.1,0.01
953,2018-04,61.6,64.0,0.0,7.4,0.0
954,2018-04,40.0,79.8,0.0,11.4,0.33
955,2018-04,48.1,86.1,0.0,11.9,2.09
956,2018-04,42.5,63.8,0.0,9.1,0.03
957,2018-04,45.6,53.9,0.0,7.3,0.0
958,2018-04,42.6,73.2,0.0,7.3,0.15
959,2018-04,42.0,53.7,0.0,9.1,0.0
960,2018-04,50.3,41.9,0.0,5.9,0.0
961,2018-04,53.4,34.5,0.0,4.3,0.0
962,2018-04,52.9,52.7,0.0,4.1,0.01
963,2018-04,54.7,66.3,0.0,5.6,0.14
964,2018-04,55.7,95.1,0.0,5.2,0.52
965,2018-04,61.2,61.7,0.0,6.8,0.07
966,2018-04,53.1,82.8,0.0,4.2,0.06
967,2018-04,56.2,82.4,0.0,4.6,0.12
968,2018-04,51.5,66.2,0.0,7.6,0.08
969,2018-04,47.6,64.6,0.0,7.6,0.07
970,2018-04,47.6,64.6,0,7.6,0.07
971,2018-05,65.6,36.7,0,5.7,0.02
972,2018-05,77.8,27.4,0,7.6,0.0
973,2018-05,79.9,46.5,0,6.9,0.03
974,2018-05,76.5,63.0,0,5.7,0.0
975,2018-05,67.4,43.1,0,6.7,0.01
976,2018-05,60.9,69.3,0,4.7,0.0
977,2018-05,62.8,66.8,0,4.0,0.0
978,2018-05,61.2,68.2,0,3.5,0.01
979,2018-05,62.5,64.9,0,3.2,0.06
980,2018-05,60.1,82.3,0,4.1,0.18
981,2018-05,65.8,47.8,0,5.8,0.0
982,2018-05,55.6,80.8,0,4.0,0.24
983,2018-05,52.7,90.9,0,3.7,0.11
984,2018-05,59.3,86.4,0,3.0,0.04
985,2018-05,70.4,81.3,0,5.0,0.49
986,2018-05,60.4,89.6,0,4.9,0.21
987,2018-05,63.0,90.8,0,2.2,0.2
988,2018-05,61.1,62.9,0,7.3,0.0
989,2018-05,53.5,91.8,0,5.2,0.43
990,2018-05,70.3,77.1,0,5.6,0.0
991,2018-05,67.1,58.9,0,3.9,0.02
992,2018-05,61.2,79.9,0,2.3,0.26
993,2018-05,70.2,68.2,0,4.2,0.27
994,2018-05,73.5,42.7,0,5.2,0.0
995,2018-05,77.6,49.2,0,6.7,0.0
996,2018-05,80.7,63.4,0,4.4,0.0
997,2018-05,62.1,87.0,0,9.1,0.49
998,2018-05,60.9,81.7,0,3.4,0.0
999,2018-05,75.2,72.9,0,3.0,0.0
1000,2018-05,67.2,83.7,0,4.5,0.0
1001,2018-05,65.5,91.3,0,4.2,0.02
1002,2016-09,57.7,89.8,0,8.8,0.11
1003,2016-10,58.5,91.5,0,6.3,0.0
1004,2016-10,60.1,90.5,0,2.1,0.0
1005,2016-10,65.0,81.9,0,2.0,0.02
1006,2016-10,63.5,76.0,0,6.3,0.0
1007,2016-10,59.5,73.4,0,4.0,0.0
1008,2016-10,61.8,77.3,0,2.1,0.0
1009,2016-10,62.8,78.0,0,2.7,0.0
1010,2016-10,63.3,91.1,0,1.9,0.1
1011,2016-10,55.8,79.7,0,8.2,0.45
1012,2016-10,53.3,52.1,0,6.4,0.0
1013,2016-10,53.4,68.2,0,2.7,0.0
1014,2016-10,58.0,78.2,0,2.6,0.0
1015,2016-10,58.8,81.7,0,4.0,0.0
1016,2016-10,53.4,58.4,0,3.8,0.0
1017,2016-10,54.7,68.3,0,3.2,0.0
1018,2016-10,60.6,78.2,0,4.3,0.0
1019,2016-10,70.6,71.3,0,3.2,0.0
1020,2016-10,71.9,74.2,0,5.0,0.0
1021,2016-10,74.2,61.0,0,4.7,0.01
1022,2016-10,65.9,77.7,0,5.5,0.0
1023,2016-10,66.8,93.8,0,3.3,0.53
1024,2016-10,49.1,78.4,0,10.3,0.42
1025,2016-10,53.5,54.9,0,8.9,0.0
1026,2016-10,54.0,62.5,0,6.6,0.0
1027,2016-10,46.9,55.8,0,7.5,0.0
1028,2016-10,43.5,55.3,0,5.3,0.0
1029,2016-10,45.9,82.7,0,4.8,0.83
1030,2016-10,44.8,73.7,0,8.8,0.0
1031,2016-10,52.6,67.4,0,4.8,0.0
1032,2016-10,63.5,77.6,0,4.6,0.76
1033,2016-10,48.2,63.3,0,5.3,0.03
1034,2016-10,48.2,63.3,0.0,5.3,0.03
1035,2016-11,50.0,74.5,0.0,3.4,0.0
1036,2016-11,61.0,75.9,0.0,4.0,0.0
1037,2016-11,62.4,74.1,0.0,5.9,0.0
1038,2016-11,54.1,52.8,0.0,6.5,0.0
1039,2016-11,52.5,61.2,0.0,4.3,0.0
1040,2016-11,52.2,55.7,0.0,7.5,0.0
1041,2016-11,46.1,56.4,0.0,4.1,0.0
1042,2016-11,53.2,54.9,0.0,2.2,0.0
1043,2016-11,53.6,75.8,0.0,3.7,0.11
1044,2016-11,48.8,58.3,0.0,5.6,0.0
1045,2016-11,50.3,49.0,0.0,9.4,0.0
1046,2016-11,42.8,48.1,0.0,5.3,0.0
1047,2016-11,48.8,46.2,0.0,5.1,0.0
1048,2016-11,52.6,40.2,0.0,2.7,0.0
1049,2016-11,49.1,86.7,0.0,6.0,1.66
1050,2016-11,51.8,63.9,0.0,4.6,0.0
1051,2016-11,53.2,64.7,0.0,4.9,0.0
1052,2016-11,52.9,64.4,0.0,2.8,0.0
1053,2016-11,52.0,78.1,0.0,4.9,0.21
1054,2016-11,38.5,69.2,0.4,11.8,0.3
1055,2016-11,37.6,50.8,0.0,12.4,0.0
1056,2016-11,37.6,57.7,0.0,11.3,0.0
1057,2016-11,39.2,58.1,0.0,5.1,0.0
1058,2016-11,43.7,78.0,0.0,3.4,0.01
1059,2016-11,48.7,85.2,0.0,1.6,0.0
1060,2016-11,45.5,77.2,0.0,5.4,0.0
1061,2016-11,43.1,64.8,0.0,5.9,0.0
1062,2016-11,44.6,67.8,0.0,3.2,0.0
1063,2016-11,55.8,90.8,0.0,5.9,1.66
1064,2016-11,53.5,95.2,0.0,5.2,0.79
1065,2016-11,53.5,95.2,0.0,5.2,0.79
1066,2016-12,49.4,69.7,0.0,7.6,0.09
1067,2016-12,44.2,58.9,0.0,8.3,0.0
1068,2016-12,43.1,58.6,0.0,9.4,0.0
1069,2016-12,41.2,55.2,0.0,5.6,0.0
1070,2016-12,42.7,76.1,0.0,4.9,0.17
1071,2016-12,40.7,75.1,0.3,4.5,0.44
1072,2016-12,41.8,87.7,0.2,2.9,0.05
1073,2016-12,39.0,62.2,0.0,5.6,0.0
1074,2016-12,33.3,53.8,0.0,9.1,0.0
1075,2016-12,30.5,62.8,0.0,5.2,0.0
1076,2016-12,30.4,71.2,0.6,2.8,0.03
1077,2016-12,40.0,87.4,0.6,4.7,0.52
1078,2016-12,39.0,63.3,0.0,3.3,0.0
1079,2016-12,37.4,56.6,0.0,5.7,0.01
1080,2016-12,24.0,40.5,0.0,12.0,0.0
1081,2016-12,21.7,53.4,0.0,6.5,0.0
1082,2016-12,31.5,90.0,7.4,2.7,0.77
1083,2016-12,42.0,82.0,2.8,6.9,0.05
1084,2016-12,25.6,51.9,0.0,5.9,0.0
1085,2016-12,26.4,52.8,0.0,3.1,0.0
1086,2016-12,34.4,58.1,0.0,2.8,0.0
1087,2016-12,40.3,60.4,0.0,5.4,0.0
1088,2016-12,41.3,57.3,0.0,4.8,0.0
1089,2016-12,41.6,80.4,0.0,4.5,0.43
1090,2016-12,42.1,64.3,0.0,4.9,0.0
1091,2016-12,38.3,78.9,0.0,4.0,0.01
1092,2016-12,52.6,71.4,0.0,8.1,0.0
1093,2016-12,37.2,61.9,0.0,5.5,0.0
1094,2016-12,38.4,80.9,0.0,5.2,0.38
1095,2016-12,35.8,66.6,0.0,8.2,0.01
1096,2016-12,37.3,56.9,0.0,7.1,0.0
1097,2016-12,37.3,56.9,0.0,7.1,0.0
1098,2017-01,43.2,50.7,0.0,4.7,0.01
1099,2017-01,38.0,84.4,0.1,4.9,0.23
1100,2017-01,41.1,96.6,0.0,7.1,0.42
1101,2017-01,43.2,70.8,0.0,8.0,0.0
1102,2017-01,29.6,49.1,0.1,7.3,0.01
1103,2017-01,28.9,65.5,1.9,4.3,0.07
1104,2017-01,21.3,76.1,6.1,7.0,0.28
1105,2017-01,18.9,58.0,6.1,9.2,0.0
1106,2017-01,18.6,58.9,5.3,4.3,0.0
1107,2017-01,30.0,77.1,3.7,2.8,0.0
1108,2017-01,45.4,83.9,0.6,5.3,0.5
1109,2017-01,57.3,80.1,0.0,6.6,0.07
1110,2017-01,44.3,60.6,0.0,8.3,0.0
1111,2017-01,30.1,71.9,0.9,2.6,0.09
1112,2017-01,32.8,71.7,0.9,3.9,0.0
1113,2017-01,35.1,63.8,0.5,3.3,0.0
1114,2017-01,39.2,82.5,0.0,3.8,0.37
1115,2017-01,39.6,93.8,0.0,4.2,0.06
1116,2017-01,42.3,79.3,0.0,3.6,0.0
1117,2017-01,41.5,80.8,0.0,2.7,0.11
1118,2017-01,44.5,94.2,0.0,3.4,0.0
1119,2017-01,45.7,93.0,0.0,4.8,0.02
1120,2017-01,39.0,86.0,3.2,14.0,0.97
1121,2017-01,36.3,94.6,5.2,10.1,0.95
1122,2017-01,42.6,69.0,5.1,6.6,0.0
1123,2017-01,46.1,66.6,0.0,6.9,0.03
1124,2017-01,39.6,58.4,0.0,10.0,0.0
1125,2017-01,35.5,61.0,0.0,7.9,0.0
1126,2017-01,36.9,55.4,0.0,5.5,0.0
1127,2017-01,32.4,51.1,0.0,5.9,0.0
1128,2017-01,28.7,75.8,1.1,3.0,0.07
1129,2017-01,28.7,75.8,1.1,3.0,0.07
1130,2017-02,39.8,65.8,1.0,6.4,0.0
1131,2017-02,37.2,58.4,0.0,6.2,0.0
1132,2017-02,29.0,49.4,0.0,6.3,0.0
1133,2017-02,27.4,44.9,0.0,7.4,0.0
1134,2017-02,36.1,52.2,0.0,5.9,0.0
1135,2017-02,40.6,57.7,0.0,5.3,0.0
1136,2017-02,37.7,92.8,0.0,4.3,0.32
1137,2017-02,47.6,75.0,0.0,4.1,0.02
1138,2017-02,26.9,76.3,8.4,11.8,0.81
1139,2017-02,25.5,57.1,5.6,7.5,0.0
1140,2017-02,38.8,61.5,3.5,2.1,0.01
1141,2017-02,33.3,90.6,2.9,4.3,0.45
1142,2017-02,34.1,66.3,1.1,13.4,0.02
1143,2017-02,33.8,66.5,0.1,4.6,0.0
1144,2017-02,38.3,76.8,0.1,5.1,0.0
1145,2017-02,31.7,58.6,0.0,11.6,0.0
1146,2017-02,33.6,53.2,0.0,7.4,0.0
1147,2017-02,48.2,48.8,0.0,4.8,0.0
1148,2017-02,57.1,43.8,0.0,5.5,0.0
1149,2017-02,46.8,45.0,0.0,7.1,0.0
1150,2017-02,40.0,58.4,0.0,4.0,0.0
1151,2017-02,47.5,73.6,0.0,2.7,0.0
1152,2017-02,52.1,83.2,0.0,2.6,0.0
1153,2017-02,59.3,79.3,0.0,5.0,0.0
1154,2017-02,53.8,89.8,0.0,6.9,0.49
1155,2017-02,38.7,49.9,0.0,9.5,0.0
1156,2017-02,43.7,51.4,0.0,5.1,0.0
1157,2017-02,50.8,76.4,0.0,3.7,0.0
1158,2017-02,50.8,76.4,0.0,3.7,0.0
1159,2017-03,59.9,82.5,0.0,6.1,0.18
1160,2017-03,45.3,41.4,0.0,13.8,0.0
1161,2017-03,31.9,43.1,0.0,9.6,0.0
1162,2017-03,22.9,40.8,0.0,11.2,0.0
1163,2017-03,24.5,31.8,0.0,6.1,0.0
1164,2017-03,34.4,44.6,0.0,3.7,0.0
1165,2017-03,46.7,86.2,0.0,3.6,0.12
1166,2017-03,54.1,51.8,0.0,8.9,0.01
1167,2017-03,54.0,28.5,0.0,10.9,0.0
1168,2017-03,34.2,66.1,1.2,8.7,0.16
1169,2017-03,22.3,49.8,0.4,10.7,0.0
1170,2017-03,24.4,45.8,0.6,10.4,0.0
1171,2017-03,27.4,52.5,0.6,4.7,0.01
1172,2017-03,27.5,89.5,13.0,13.4,1.63
1173,2017-03,23.2,63.4,6.4,11.8,0.0
1174,2017-03,31.0,47.3,5.9,9.3,0.0
1175,2017-03,37.0,45.3,4.8,6.6,0.0
1176,2017-03,34.8,73.8,3.3,6.4,0.05
1177,2017-03,38.0,56.3,2.6,6.4,0.0
1178,2017-03,40.0,46.3,1.7,5.5,0.0
1179,2017-03,47.5,51.2,0.6,3.8,0.0
1180,2017-03,33.3,40.8,0.2,13.2,0.0
1181,2017-03,32.7,41.4,0.2,5.3,0.0
1182,2017-03,45.0,56.7,0.0,5.8,0.01
1183,2017-03,50.4,68.8,0.0,4.3,0.0
1184,2017-03,39.6,85.3,0.0,6.4,0.08
1185,2017-03,44.7,92.4,0.0,3.0,0.24
1186,2017-03,43.2,96.2,0.0,4.5,0.73
1187,2017-03,48.2,62.5,0.0,7.9,0.0
1188,2017-03,42.9,57.1,0.0,4.1,0.03
1189,2017-03,39.0,94.8,0.3,9.2,1.59
1190,2017-03,39.0,94.8,0.3,9.2,1.59
1191,2017-04,41.7,81.0,0.0,8.0,0.01
1192,2017-04,51.3,51.6,0.0,6.3,0.0
1193,2017-04,52.1,56.1,0.0,5.1,0.03
1194,2017-04,48.3,95.8,0.0,6.7,1.02
1195,2017-04,50.2,83.2,0.0,4.1,0.0
1196,2017-04,44.5,93.6,0.0,8.3,0.68
1197,2017-04,44.6,67.1,0.0,10.6,0.0
1198,2017-04,46.7,43.7,0.0,9.6,0.0
1199,2017-04,52.8,41.9,0.0,4.7,0.0
1200,2017-04,61.8,49.0,0.0,5.5,0.0
1201,2017-04,66.1,58.4,0.0,4.1,0.0
1202,2017-04,65.1,62.0,0.0,3.7,0.04
1203,2017-04,55.0,43.8,0.0,7.7,0.0
1204,2017-04,54.2,44.3,0.0,3.6,0.0
1205,2017-04,55.7,67.8,0.0,4.9,0.0
1206,2017-04,71.9,61.4,0.0,8.4,0.02
1207,2017-04,66.7,43.9,0.0,8.2,0.0
1208,2017-04,53.8,54.7,0.0,6.4,0.0
1209,2017-04,47.5,78.3,0.0,6.4,0.0
1210,2017-04,55.7,81.1,0.0,3.5,0.13
1211,2017-04,50.3,94.0,0.0,5.5,0.2
1212,2017-04,52.5,83.8,0.0,3.6,0.07
1213,2017-04,53.0,62.4,0.0,4.2,0.01
1214,2017-04,53.4,71.9,0.0,3.0,0.01
1215,2017-04,52.1,94.2,0.0,11.5,0.81
1216,2017-04,57.1,95.2,0.0,4.7,0.2
1217,2017-04,60.9,90.8,0.0,4.0,0.01
1218,2017-04,69.8,65.5,0.0,3.7,0.01
1219,2017-04,73.8,65.3,0.0,6.4,0.11
1220,2017-04,57.7,60.9,0.0,5.7,0.0
1221,2017-04,57.7,60.9,0,5.7,0.0
1222,2017-05,59.7,85.3,0,4.7,0.02
1223,2017-05,68.9,54.5,0,9.8,0.01
1224,2017-05,59.4,41.8,0,9.1,0.0
1225,2017-05,53.7,54.1,0,5.8,0.0
1226,2017-05,55.1,94.0,0,7.0,2.65
1227,2017-05,58.7,84.8,0,8.6,0.18
1228,2017-05,51.1,71.2,0,7.7,0.02
1229,2017-05,51.2,54.3,0,7.0,0.0
1230,2017-05,53.0,56.7,0,4.3,0.0
1231,2017-05,54.5,60.9,0,3.1,0.0
1232,2017-05,53.8,59.4,0,3.7,0.0
1233,2017-05,53.8,69.1,0,5.7,0.0
1234,2017-05,48.6,93.8,0,7.4,1.45
1235,2017-05,55.7,70.6,0,8.4,0.05
1236,2017-05,59.8,56.5,0,11.7,0.0
1237,2017-05,68.2,49.3,0,5.0,0.01
1238,2017-05,77.6,53.0,0,5.2,0.02
1239,2017-05,84.3,52.1,0,6.4,0.0
1240,2017-05,82.0,51.9,0,7.4,0.0
1241,2017-05,59.8,58.7,0,5.1,0.02
1242,2017-05,59.1,52.9,0,5.2,0.0
1243,2017-05,57.7,91.8,0,3.6,0.51
1244,2017-05,63.1,69.1,0,3.2,0.0
1245,2017-05,61.8,73.3,0,5.0,0.06
1246,2017-05,57.1,94.8,0,7.9,0.36
1247,2017-05,65.4,73.6,0,7.2,0.1
1248,2017-05,65.9,72.0,0,3.5,0.0
1249,2017-05,63.4,76.5,0,5.3,0.0
1250,2017-05,57.4,89.3,0,4.6,0.12
1251,2017-05,57.0,92.0,0,4.6,0.06
1252,2017-05,65.3,84.9,0,3.9,0.03
1253,2017-05,65.3,84.9,0,3.9,0.03
1254,2017-06,70.1,59.0,0,5.6,0.0
1255,2017-06,67.4,45.2,0,5.9,0.0
1256,2017-06,65.0,48.6,0,6.8,0.06
1257,2017-06,62.9,64.2,0,3.6,0.09
1258,2017-06,62.7,91.1,0,4.8,0.05
1259,2017-06,55.3,89.5,0,5.8,0.06
1260,2017-06,60.0,70.0,0,3.8,0.0
1261,2017-06,61.9,65.8,0,3.5,0.0
1262,2017-06,70.1,50.5,0,5.4,0.0
1263,2017-06,77.2,49.3,0,5.4,0.0
1264,2017-06,83.2,48.6,0,5.9,0.0
1265,2017-06,85.5,47.2,0,4.8,0.02
1266,2017-06,87.0,48.3,0,4.7,0.01
1267,2017-06,75.0,60.8,0,4.6,0.4
1268,2017-06,68.7,61.3,0,5.9,0.02
1269,2017-06,65.4,88.8,0,5.3,0.02
1270,2017-06,68.9,93.9,0,3.1,1.0
1271,2017-06,76.7,85.8,0,5.8,0.0
1272,2017-06,76.9,83.6,0,6.8,1.16
1273,2017-06,77.1,62.1,0,6.9,0.02
1274,2017-06,77.1,58.2,0,5.7,0.04
1275,2017-06,76.1,63.6,0,4.4,0.0
1276,2017-06,79.7,78.2,0,5.8,0.15
1277,2017-06,78.4,64.9,0,7.4,1.12
1278,2017-06,75.7,57.3,0,4.7,0.0
1279,2017-06,72.1,51.3,0,5.2,0.0
1280,2017-06,69.4,63.6,0,4.9,0.17
1281,2017-06,71.1,51.3,0,6.0,0.0
1282,2017-06,74.7,63.4,0,7.3,0.0
1283,2017-06,80.3,62.8,0,7.0,0.0
1284,2017-06,80.3,62.8,0,7.0,0.0
1285,2017-07,76.6,82.9,0,5.6,0.27
1286,2017-07,80.8,63.9,0,5.3,0.0
1287,2017-07,80.3,60.2,0,4.5,0.03
1288,2017-07,77.2,57.7,0,2.8,0.0
1289,2017-07,76.5,56.2,0,5.5,0.0
1290,2017-07,73.6,67.8,0,4.1,0.03
1291,2017-07,72.9,86.4,0,4.9,1.5
1292,2017-07,77.1,70.5,0,5.2,0.0
1293,2017-07,75.2,52.8,0,5.1,0.0
1294,2017-07,77.1,60.5,0,5.0,0.0
1295,2017-07,80.4,71.9,0,4.6,0.03
1296,2017-07,82.8,68.1,0,5.8,0.0
1297,2017-07,82.6,70.1,0,5.8,0.05
1298,2017-07,68.0,94.7,0,4.8,0.32
1299,2017-07,75.4,74.1,0,4.1,0.0
1300,2017-07,77.1,66.3,0,3.4,0.0
1301,2017-07,78.7,73.4,0,4.6,0.0
1302,2017-07,80.3,73.4,0,4.3,0.0
1303,2017-07,85.0,61.5,0,5.0,0.0
1304,2017-07,85.1,62.1,0,4.2,0.04
1305,2017-07,84.6,59.0,0,5.5,0.01
1306,2017-07,82.2,62.2,0,3.3,0.4
1307,2017-07,74.6,83.8,0,3.4,0.07
1308,2017-07,67.1,86.9,0,6.0,0.65
1309,2017-07,66.0,82.0,0,3.7,0.0
1310,2017-07,70.1,66.4,0,3.9,0.0
1311,2017-07,72.3,81.5,0,3.1,0.0
1312,2017-07,76.9,75.7,0,3.1,0.0
1313,2017-07,70.8,60.3,0,8.2,0.0
1314,2017-07,72.3,54.2,0,4.5,0.0
1315,2017-07,77.6,56.8,0,3.1,0.0
1316,2015-11,39.4,71.5,0.0,5.8,0.0
1317,2015-12,46.2,94.0,0.0,5.8,0.25
1318,2015-12,49.7,97.2,0.0,2.4,0.13
1319,2015-12,47.3,64.6,0.0,9.0,0.0
1320,2015-12,45.5,60.3,0.0,5.0,0.0
1321,2015-12,43.7,67.5,0.0,2.7,0.0
1322,2015-12,44.2,71.4,0.0,3.0,0.0
1323,2015-12,46.4,62.8,0.0,3.4,0.0
1324,2015-12,42.4,70.0,0.0,4.5,0.0
1325,2015-12,46.0,78.9,0.0,3.9,0.0
1326,2015-12,53.7,77.8,0.0,3.4,0.0
1327,2015-12,53.8,77.8,0.0,4.2,0.0
1328,2015-12,57.2,74.9,0.0,2.0,0.0
1329,2015-12,57.8,75.3,0.0,3.4,0.0
1330,2015-12,56.3,94.4,0.0,4.9,0.2
1331,2015-12,57.6,60.9,0.0,11.4,0.05
1332,2015-12,48.0,69.1,0.0,5.0,0.0
1333,2015-12,54.1,95.3,0.0,3.5,0.9
1334,2015-12,45.3,70.2,0.0,7.3,0.0
1335,2015-12,36.3,50.3,0.0,10.9,0.0
1336,2015-12,37.9,49.5,0.0,5.7,0.0
1337,2015-12,46.2,63.2,0.0,5.1,0.0
1338,2015-12,55.9,90.0,0.0,4.2,0.06
1339,2015-12,54.3,98.0,0.0,3.6,1.18
1340,2015-12,65.2,87.4,0.0,5.6,0.0
1341,2015-12,59.0,89.2,0.0,1.8,0.02
1342,2015-12,50.3,61.2,0.0,5.9,0.0
1343,2015-12,51.8,92.5,0.0,6.8,0.02
1344,2015-12,38.3,65.1,0.6,8.3,0.03
1345,2015-12,38.8,97.0,0.9,6.7,0.44
1346,2015-12,42.3,96.1,0.0,3.7,0.17
1347,2015-12,44.5,79.7,0.0,5.9,0.02
1348,2015-12,44.5,79.7,0.0,5.9,0.02
1349,2016-01,37.7,63.0,0.0,7.5,0.0
1350,2016-01,34.4,57.8,0.0,6.2,0.0
1351,2016-01,37.1,61.0,0.0,6.8,0.0
1352,2016-01,25.3,54.9,0.0,10.3,0.0
1353,2016-01,19.4,47.8,0.0,6.4,0.0
1354,2016-01,30.4,43.1,0.0,3.9,0.0
1355,2016-01,37.2,42.0,0.0,2.4,0.0
1356,2016-01,38.3,69.1,0.0,5.5,0.0
1357,2016-01,43.5,88.3,0.0,5.9,0.0
1358,2016-01,49.8,86.6,0.0,11.4,1.52
1359,2016-01,30.5,44.6,0.0,10.0,0.0
1360,2016-01,32.4,58.2,0.0,6.5,0.01
1361,2016-01,24.0,50.0,0.0,11.6,0.0
1362,2016-01,30.0,54.0,0.0,5.5,0.0
1363,2016-01,41.2,76.5,0.0,3.0,0.0
1364,2016-01,44.6,79.0,0.0,7.3,0.21
1365,2016-01,33.4,73.1,0.6,4.9,0.03
1366,2016-01,23.4,55.7,0.5,11.9,0.0
1367,2016-01,21.5,52.8,1.0,12.7,0.0
1368,2016-01,30.0,60.1,1.0,5.8,0.0
1369,2016-01,28.7,56.2,1.0,7.4,0.0
1370,2016-01,24.7,51.7,0.6,5.9,0.03
1371,2016-01,24.8,94.7,18.4,15.0,1.3
1372,2016-01,27.0,58.2,7.1,6.7,0.03
1373,2016-01,31.6,67.9,5.8,2.6,0.0
1374,2016-01,39.5,74.1,4.8,4.2,0.0
1375,2016-01,40.1,58.3,2.4,5.9,0.0
1376,2016-01,35.1,63.2,1.0,3.1,0.0
1377,2016-01,35.5,64.2,1.0,6.9,0.0
1378,2016-01,32.5,60.5,1.0,5.3,0.0
1379,2016-01,42.1,67.6,1.0,3.7,0.0
1380,2016-01,42.1,67.6,1.0,3.7,0.0
1381,2016-02,48.8,63.1,0.0,4.9,0.0
1382,2016-02,42.8,57.9,0.0,3.2,0.0
1383,2016-02,49.6,90.7,0.0,7.2,0.63
1384,2016-02,50.8,70.3,0.0,5.3,0.0
1385,2016-02,34.2,74.0,3.7,8.5,0.39
1386,2016-02,34.3,59.8,1.0,4.1,0.0
1387,2016-02,37.5,63.5,1.0,3.4,0.0
1388,2016-02,32.7,79.1,0.9,8.2,0.0
1389,2016-02,30.4,82.8,0.8,3.8,0.0
1390,2016-02,33.3,73.5,1.0,6.8,0.0
1391,2016-02,22.3,46.6,1.0,12.1,0.0
1392,2016-02,19.9,49.8,1.0,5.7,0.0
1393,2016-02,15.9,47.6,0.9,14.6,0.0
1394,2016-02,9.0,37.9,3.9,8.6,0.16
1395,2016-02,22.4,67.0,19.3,4.2,4.22
1396,2016-02,45.1,90.1,1.8,10.9,0.78
1397,2016-02,36.5,71.2,1.0,6.8,0.0
1398,2016-02,29.5,47.2,0.9,7.9,0.0
1399,2016-02,30.1,61.8,0.6,5.0,0.0
1400,2016-02,49.7,56.2,0.0,8.1,0.0
1401,2016-02,49.9,58.0,0.0,4.5,0.06
1402,2016-02,43.1,57.0,0.0,4.1,0.0
1403,2016-02,36.0,83.4,0.4,9.6,0.17
1404,2016-02,44.6,97.9,0.1,11.0,0.89
1405,2016-02,46.9,79.7,0.0,10.8,0.03
1406,2016-02,32.3,45.5,0.0,11.6,0.0
1407,2016-02,33.3,48.6,0.0,6.3,0.0
1408,2016-02,47.2,48.2,0.0,7.8,0.0
1409,2016-02,49.9,55.6,0.0,8.7,0.04
1410,2016-02,49.9,55.6,0.0,8.7,0.04
1411,2016-03,44.4,58.7,0.0,6.7,0.0
1412,2016-03,41.0,55.4,0.0,12.3,0.13
1413,2016-03,30.6,45.1,0.0,4.8,0.0
1414,2016-03,32.5,74.8,0.9,7.1,0.01
1415,2016-03,33.5,51.9,0.0,4.5,0.0
1416,2016-03,37.1,46.5,0.0,3.1,0.0
1417,2016-03,46.8,60.8,0.0,6.7,0.0
1418,2016-03,51.9,62.1,0.0,4.0,0.0
1419,2016-03,59.4,58.2,0.0,4.2,0.0
1420,2016-03,69.2,48.3,0.0,5.2,0.0
1421,2016-03,57.3,60.6,0.0,7.5,0.04
1422,2016-03,49.0,59.3,0.0,5.6,0.0
1423,2016-03,54.9,50.2,0.0,4.8,0.01
1424,2016-03,44.0,83.3,0.0,10.9,0.25
1425,2016-03,49.4,84.9,0.0,5.8,0.0
1426,2016-03,52.7,78.0,0.0,3.5,0.02
1427,2016-03,51.9,65.7,0.0,5.3,0.02
1428,2016-03,49.5,43.6,0.0,9.2,0.0
1429,2016-03,41.2,38.4,0.0,4.0,0.0
1430,2016-03,35.4,55.9,0.5,7.2,0.04
1431,2016-03,39.2,57.1,1.3,8.3,0.03
1432,2016-03,44.8,44.3,0.0,7.5,0.0
1433,2016-03,57.1,43.7,0.0,6.4,0.0
1434,2016-03,47.1,76.1,0.0,7.8,0.0
1435,2016-03,57.5,71.9,0.0,6.0,0.05
1436,2016-03,43.7,67.0,0.0,5.7,0.0
1437,2016-03,45.2,74.3,0.0,4.9,0.0
1438,2016-03,48.2,76.6,0.0,9.9,0.29
1439,2016-03,46.1,37.7,0.0,14.4,0.0
1440,2016-03,44.4,43.5,0.0,6.7,0.0
1441,2016-03,59.5,64.1,0.0,9.4,0.0
1442,2016-03,59.5,64.1,0.0,9.4,0.0
1443,2016-04,66.2,75.5,0.0,7.5,0.04
1444,2016-04,52.3,74.3,0.0,5.0,0.15
1445,2016-04,37.5,44.8,0.0,13.2,0.05
1446,2016-04,37.4,81.1,0.0,6.9,0.44
1447,2016-04,32.6,40.3,0.0,9.5,0.0
1448,2016-04,39.0,51.0,0.0,6.9,0.0
1449,2016-04,52.7,79.3,0.0,9.7,0.09
1450,2016-04,44.5,52.8,0.0,8.4,0.0
1451,2016-04,38.5,65.7,0.0,6.1,0.05
1452,2016-04,40.1,44.8,0.0,6.7,0.0
1453,2016-04,51.8,67.8,0.0,8.3,0.02
1454,2016-04,51.5,63.2,0.0,7.9,0.15
1455,2016-04,46.7,49.2,0.0,4.0,0.0
1456,2016-04,49.1,52.2,0.0,4.6,0.0
1457,2016-04,50.4,53.3,0.0,3.8,0.0
1458,2016-04,52.3,45.9,0.0,5.4,0.0
1459,2016-04,56.3,47.1,0.0,3.6,0.0
1460,2016-04,64.0,35.2,0.0,4.7,0.0
1461,2016-04,63.3,32.2,0.0,8.3,0.0
1462,2016-04,56.7,30.3,0.0,6.0,0.0
1463,2016-04,61.3,45.1,0.0,6.3,0.0
1464,2016-04,70.0,59.0,0.0,5.4,0.0
1465,2016-04,62.5,62.8,0.0,6.8,0.15
1466,2016-04,54.7,36.9,0.0,5.6,0.0
1467,2016-04,58.3,58.0,0.0,3.5,0.0
1468,2016-04,52.9,86.6,0.0,6.3,0.24
1469,2016-04,51.7,71.0,0.0,4.9,0.0
1470,2016-04,51.0,50.8,0.0,4.6,0.0
1471,2016-04,50.7,55.9,0.0,5.0,0.04
1472,2016-04,52.5,61.0,0.0,4.2,0.0
1473,2016-04,52.5,61.0,0.0,4.2,0.0
1474,2016-05,47.6,84.1,0.0,4.3,0.12
1475,2016-05,51.7,90.8,0.0,2.7,0.06
1476,2016-05,52.2,95.8,0.0,4.9,0.51
1477,2016-05,49.5,90.0,0.0,6.0,0.01
1478,2016-05,51.6,78.3,0.0,7.8,0.0
1479,2016-05,49.6,93.1,0.0,8.1,0.51
1480,2016-05,51.9,90.3,0.0,3.4,0.01
1481,2016-05,56.2,61.6,0.0,6.4,0.14
1482,2016-05,61.8,39.5,0.0,7.4,0.0
1483,2016-05,56.7,41.9,0.0,4.8,0.0
1484,2016-05,63.5,48.3,0.0,4.7,0.01
1485,2016-05,65.2,52.4,0.0,4.3,0.08
1486,2016-05,61.5,87.7,0.0,3.4,0.17
1487,2016-05,63.7,67.8,0.0,6.6,0.0
1488,2016-05,50.8,53.4,0.0,10.2,0.0
1489,2016-05,54.5,39.9,0.0,10.3,0.0
1490,2016-05,58.6,56.8,0.0,5.6,0.0
1491,2016-05,58.0,56.6,0.0,5.0,0.01
1492,2016-05,60.5,56.4,0.0,4.3,0.0
1493,2016-05,64.6,44.1,0.0,4.3,0.0
1494,2016-05,60.1,60.7,0.0,3.6,0.1
1495,2016-05,60.8,70.4,0.0,4.6,0.06
1496,2016-05,64.8,63.4,0.0,4.2,0.02
1497,2016-05,65.5,70.3,0.0,3.4,0.09
1498,2016-05,76.2,41.7,0.0,5.0,0.04
1499,2016-05,78.7,41.8,0.0,5.4,0.0
1500,2016-05,76.6,63.0,0.0,5.2,0.0
1501,2016-05,80.6,56.8,0.0,5.9,0.0
1502,2016-05,76.0,62.0,0.0,5.7,0.02
1503,2016-05,73.4,85.8,0.0,4.7,1.27
1504,2016-05,75.7,71.4,0.0,5.0,0.0
1505,2016-05,75.7,71.4,0.0,5.0,0.0
1506,2016-06,74.3,52.4,0.0,4.7,0.03
1507,2016-06,67.1,76.5,0.0,4.2,0.0
1508,2016-06,66.1,85.5,0.0,2.7,0.02
1509,2016-06,72.4,78.9,0.0,4.3,0.21
1510,2016-06,67.6,90.7,0.0,5.3,0.75
1511,2016-06,76.0,60.8,0.0,7.1,0.0
1512,2016-06,75.0,52.9,0.0,6.5,0.03
1513,2016-06,60.7,62.8,0.0,8.1,0.53
1514,2016-06,63.0,43.3,0.0,10.5,0.0
1515,2016-06,67.5,34.3,0.0,6.8,0.0
1516,2016-06,76.0,52.0,0.0,5.6,0.0
1517,2016-06,75.5,45.5,0.0,11.7,0.0
1518,2016-06,65.3,52.9,0.0,8.9,0.0
1519,2016-06,69.8,42.5,0.0,5.9,0.0
1520,2016-06,74.7,44.0,0.0,4.3,0.0
1521,2016-06,71.0,69.3,0.0,2.3,0.1
1522,2016-06,69.4,59.5,0.0,5.4,0.0
1523,2016-06,73.3,47.5,0.0,4.3,0.02
1524,2016-06,73.3,56.5,0.0,4.7,0.0
1525,2016-06,74.8,64.8,0.0,4.7,0.0
1526,2016-06,79.8,44.0,0.0,6.0,0.0
1527,2016-06,77.9,38.2,0.0,5.7,0.0
1528,2016-06,74.9,57.8,0.0,3.0,0.0
1529,2016-06,74.1,58.0,0.0,5.6,0.0
1530,2016-06,73.3,57.1,0.0,4.8,0.04
1531,2016-06,75.1,53.2,0.0,5.1,0.14
1532,2016-06,73.4,70.0,0.0,7.0,0.35
1533,2016-06,71.2,90.7,0.0,4.6,0.25
1534,2016-06,75.6,65.5,0.0,4.4,0.0
1535,2016-06,76.5,55.0,0.0,4.7,0.0
1536,2016-06,76.5,55.0,0.0,4.7,0.0
1537,2016-07,73.7,78.4,0.0,5.4,0.71
1538,2016-07,71.8,54.6,0.0,7.3,0.0
1539,2016-07,73.7,49.7,0.0,4.8,0.0
1540,2016-07,73.9,66.5,0.0,5.6,0.33
1541,2016-07,78.9,72.2,0.0,4.0,0.28
1542,2016-07,84.1,59.0,0.0,5.0,0.0
1543,2016-07,83.0,68.2,0.0,3.9,0.04
1544,2016-07,77.2,77.9,0.0,5.7,0.05
1545,2016-07,68.4,86.6,0.0,4.8,0.38
1546,2016-07,73.8,70.3,0.0,5.7,0.0
1547,2016-07,73.1,64.6,0.0,4.3,0.0
1548,2016-07,75.1,69.5,0.0,6.1,0.0
1549,2016-07,76.6,74.7,0.0,5.3,0.02
1550,2016-07,80.4,80.5,0.0,4.7,0.4
1551,2016-07,85.5,57.7,0.0,5.3,0.01
1552,2016-07,81.3,59.8,0.0,4.6,0.18
1553,2016-07,82.8,57.0,0.0,3.7,0.01
1554,2016-07,82.0,64.2,0.0,5.3,0.28
1555,2016-07,78.6,46.4,0.0,6.9,0.0
1556,2016-07,76.4,48.5,0.0,4.7,0.0
1557,2016-07,79.8,58.1,0.0,6.7,0.0
1558,2016-07,84.8,59.6,0.0,8.3,0.0
1559,2016-07,88.1,39.7,0.0,7.4,0.0
1560,2016-07,83.8,50.1,0.0,4.5,0.03
1561,2016-07,80.7,73.8,0.0,4.8,1.18
1562,2016-07,82.3,59.0,0.0,6.2,0.0
1563,2016-07,82.8,54.0,0.0,4.0,0.01
1564,2016-07,82.6,64.8,0.0,4.5,0.03
1565,2016-07,76.7,79.2,0.0,4.5,0.71
1566,2016-07,77.0,82.9,0.0,3.8,0.31
1567,2016-07,75.5,88.4,0.0,5.0,0.73
1568,2016-07,75.5,88.4,0.0,5.0,0.73
1569,2016-08,73.1,81.2,0.0,4.9,0.0
1570,2016-08,72.8,70.2,0.0,4.8,0.0
1571,2016-08,72.8,65.6,0.0,4.2,0.0
1572,2016-08,73.8,65.8,0.0,4.3,0.0
1573,2016-08,76.2,63.8,0.0,5.8,0.0
1574,2016-08,79.6,69.7,0.0,5.0,0.1
1575,2016-08,79.8,48.3,0.0,5.5,0.0
1576,2016-08,78.8,54.1,0.0,3.8,0.0
1577,2016-08,79.0,60.4,0.0,5.7,0.02
1578,2016-08,81.7,76.8,0.0,5.6,0.09
1579,2016-08,85.4,68.8,0.0,5.3,0.19
1580,2016-08,84.1,71.9,0.0,5.2,0.26
1581,2016-08,88.1,67.5,0.0,4.8,0.0
1582,2016-08,87.0,62.2,0.0,5.2,0.03
1583,2016-08,84.1,62.2,0.0,3.8,0.0
1584,2016-08,83.6,72.9,0.0,5.8,0.11
1585,2016-08,80.6,62.2,0.0,7.0,0.06
1586,2016-08,79.5,66.6,0.0,2.4,0.03
1587,2016-08,80.1,66.6,0.0,3.8,0.0
1588,2016-08,78.9,72.7,0.0,4.7,0.27
1589,2016-08,79.4,76.8,0.0,7.0,0.21
1590,2016-08,72.7,56.2,0.0,8.1,0.0
1591,2016-08,72.3,54.1,0.0,3.4,0.0
1592,2016-08,76.5,61.3,0.0,4.5,0.0
1593,2016-08,77.4,70.7,0.0,5.5,0.0
1594,2016-08,82.7,63.7,0.0,5.5,0.0
1595,2016-08,79.6,55.0,0.0,4.6,0.04
1596,2016-08,78.3,65.8,0.0,3.8,0.07
1597,2016-08,81.2,54.9,0.0,5.6,0.0
1598,2016-08,76.7,63.2,0.0,4.0,0.0
1599,2016-08,79.5,70.4,0.0,4.3,0.0
1600,2015-01,18.1,51.9,5.4,10.4,0.0
1601,2015-02,28.8,67.0,5.0,3.7,0.02
1602,2015-02,25.5,89.0,9.6,6.9,0.94
1603,2015-02,19.1,67.4,9.5,4.4,0.0
1604,2015-02,31.4,74.8,9.3,2.1,0.0
1605,2015-02,26.4,59.2,8.5,8.4,0.0
1606,2015-02,18.3,55.3,8.1,5.5,0.0
1607,2015-02,30.1,66.5,8.1,2.8,0.0
1608,2015-02,34.0,86.7,7.5,5.1,0.0
1609,2015-02,25.5,86.8,7.7,7.4,0.07
1610,2015-02,30.3,75.0,7.7,6.9,0.0
1611,2015-02,27.2,60.4,7.0,4.6,0.0
1612,2015-02,29.8,69.2,6.5,5.7,0.0
1613,2015-02,13.4,46.8,5.2,8.2,0.0
1614,2015-02,22.8,71.7,5.1,2.8,0.0
1615,2015-02,13.1,56.8,5.2,13.9,0.0
1616,2015-02,12.2,43.0,4.7,6.3,0.0
1617,2015-02,20.4,72.2,7.9,3.2,0.06
1618,2015-02,22.9,71.5,7.7,3.2,0.0
1619,2015-02,16.2,49.0,7.0,10.4,0.0
1620,2015-02,9.8,45.2,6.5,8.9,0.0
1621,2015-02,21.1,73.7,10.1,3.3,0.48
1622,2015-02,35.6,83.3,11.1,2.0,0.05
1623,2015-02,21.1,48.2,9.3,8.5,0.0
1624,2015-02,13.6,57.6,8.9,4.2,0.0
1625,2015-02,28.4,56.7,8.6,4.8,0.0
1626,2015-02,23.6,60.0,7.6,5.6,0.0
1627,2015-02,21.8,53.0,7.3,4.5,0.0
1628,2015-02,20.0,47.6,6.9,3.0,0.0
1629,2015-02,20.0,47.6,6.9,3.0,0.0
1630,2015-03,24.4,71.6,10.5,1.7,0.42
1631,2015-03,32.0,62.4,10.5,7.1,0.0
1632,2015-03,27.4,72.9,15.3,4.0,0.51
1633,2015-03,39.7,89.9,15.2,3.5,0.21
1634,2015-03,27.0,87.2,18.2,5.4,0.73
1635,2015-03,20.3,57.7,18.2,3.8,0.0
1636,2015-03,28.4,57.2,17.9,4.7,0.0
1637,2015-03,40.5,56.7,16.9,4.6,0.0
1638,2015-03,44.1,55.5,14.6,4.1,0.0
1639,2015-03,43.8,75.1,12.2,2.0,0.29
1640,2015-03,49.7,66.2,9.9,5.1,0.0
1641,2015-03,42.3,29.5,6.9,9.2,0.0
1642,2015-03,37.0,44.5,1.0,4.1,0.0
1643,2015-03,44.4,91.2,0.7,3.3,0.69
1644,2015-03,41.3,64.9,0.0,10.8,0.0
1645,2015-03,42.5,60.1,0.0,3.0,0.0
1646,2015-03,45.0,55.9,0.1,9.2,0.0
1647,2015-03,32.8,40.9,0.1,9.8,0.0
1648,2015-03,34.4,32.7,0.0,6.0,0.0
1649,2015-03,31.9,67.6,3.2,4.8,0.29
1650,2015-03,38.2,79.4,1.9,3.9,0.0
1651,2015-03,35.5,42.6,1.0,8.9,0.0
1652,2015-03,30.1,37.9,0.0,7.7,0.0
1653,2015-03,34.0,41.0,0.0,3.5,0.0
1654,2015-03,38.1,68.1,0.0,3.3,0.06
1655,2015-03,47.3,94.9,0.0,2.8,0.32
1656,2015-03,42.3,75.2,0.0,5.1,0.31
1657,2015-03,34.2,61.0,0.0,8.5,0.0
1658,2015-03,35.4,35.2,0.0,5.8,0.0
1659,2015-03,43.3,55.2,0.0,7.7,0.0
1660,2015-03,39.4,73.6,0.2,4.8,0.16
1661,2015-03,39.4,73.6,0.2,4.8,0.16
1662,2015-04,41.0,47.3,0.0,5.5,0.0
1663,2015-04,51.7,44.9,0.0,6.1,0.0
1664,2015-04,58.8,76.2,0.0,4.6,0.02
1665,2015-04,49.5,50.7,0.0,11.2,0.0
1666,2015-04,50.1,43.2,0.0,6.1,0.0
1667,2015-04,51.8,62.8,0.0,3.4,0.0
1668,2015-04,50.0,78.5,0.0,5.5,0.08
1669,2015-04,41.7,74.0,0.0,8.2,0.0
1670,2015-04,39.4,89.2,0.0,5.9,0.0
1671,2015-04,47.8,92.0,0.0,4.2,0.14
1672,2015-04,52.4,48.3,0.0,8.6,0.0
1673,2015-04,51.8,49.2,0.0,3.4,0.0
1674,2015-04,56.8,56.2,0.0,5.9,0.0
1675,2015-04,59.4,55.4,0.0,4.0,0.0
1676,2015-04,60.1,25.3,0.0,7.7,0.0
1677,2015-04,54.8,40.2,0.0,5.8,0.0
1678,2015-04,61.5,73.5,0.0,6.0,0.07
1679,2015-04,67.1,41.3,0.0,5.8,0.0
1680,2015-04,52.8,47.5,0.0,7.3,0.0
1681,2015-04,51.7,95.0,0.0,8.2,1.18
1682,2015-04,58.3,58.3,0.0,7.2,0.19
1683,2015-04,55.1,56.2,0.0,7.8,0.05
1684,2015-04,43.8,51.0,0.0,10.4,0.0
1685,2015-04,41.7,44.2,0.0,12.2,0.0
1686,2015-04,47.9,43.8,0.0,5.7,0.0
1687,2015-04,52.9,41.9,0.0,5.7,0.0
1688,2015-04,53.5,46.3,0.0,8.9,0.0
1689,2015-04,58.9,45.7,0.0,8.5,0.0
1690,2015-04,61.5,48.9,0.0,6.9,0.0
1691,2015-04,53.7,62.8,0.0,7.3,0.0
1692,2015-04,53.7,62.8,0.0,7.3,0.0
1693,2015-05,51.4,68.7,0.0,5.2,0.0
1694,2015-05,54.1,64.2,0.0,4.0,0.0
1695,2015-05,61.7,49.8,0.0,4.6,0.0
1696,2015-05,70.1,44.6,0.0,5.9,0.0
1697,2015-05,71.8,50.7,0.0,4.3,0.0
1698,2015-05,64.7,46.6,0.0,4.8,0.0
1699,2015-05,64.2,58.7,0.0,4.7,0.0
1700,2015-05,65.4,69.9,0.0,5.1,0.0
1701,2015-05,60.9,88.3,0.0,3.5,0.0
1702,2015-05,70.3,79.4,0.0,5.5,0.0
1703,2015-05,72.4,80.8,0.0,6.2,0.12
1704,2015-05,75.2,59.8,0.0,8.8,0.0
1705,2015-05,60.0,47.9,0.0,10.1,0.0
1706,2015-05,60.2,41.5,0.0,5.4,0.0
1707,2015-05,62.5,47.3,0.0,6.0,0.0
1708,2015-05,66.2,75.1,0.0,3.8,0.3
1709,2015-05,73.4,76.7,0.0,3.0,0.02
1710,2015-05,62.6,83.4,0.0,4.9,0.0
1711,2015-05,65.7,82.3,0.0,4.2,0.04
1712,2015-05,58.3,50.2,0.0,9.4,0.0
1713,2015-05,55.6,57.3,0.0,5.0,0.0
1714,2015-05,63.3,46.3,0.0,8.1,0.0
1715,2015-05,57.8,37.8,0.0,6.6,0.0
1716,2015-05,67.2,47.2,0.0,5.9,0.0
1717,2015-05,73.4,56.1,0.0,6.8,0.0
1718,2015-05,75.2,60.0,0.0,8.3,0.0
1719,2015-05,73.3,76.7,0.0,6.5,0.2
1720,2015-05,74.9,70.9,0.0,5.5,0.0
1721,2015-05,71.4,61.9,0.0,5.0,0.0
1722,2015-05,73.7,72.4,0.0,7.8,0.0
1723,2015-05,71.3,80.3,0.0,7.4,1.41
1724,2015-05,71.3,80.3,0.0,7.4,1.41
1725,2015-06,54.6,97.2,0.0,8.9,0.97
1726,2015-06,51.9,95.4,0.0,5.7,0.3
1727,2015-06,58.4,78.3,0.0,4.7,0.0
1728,2015-06,58.2,75.6,0.0,5.4,0.0
1729,2015-06,60.3,81.4,0.0,3.0,0.04
1730,2015-06,66.7,63.8,0.0,6.1,0.18
1731,2015-06,63.6,53.8,0.0,6.2,0.0
1732,2015-06,68.9,75.3,0.0,8.4,0.12
1733,2015-06,73.6,71.1,0.0,6.7,0.03
1734,2015-06,74.1,59.4,0.0,5.5,0.0
1735,2015-06,81.6,59.0,0.0,6.5,0.0
1736,2015-06,81.3,59.7,0.0,5.7,0.0
1737,2015-06,78.9,53.8,0.0,6.9,0.0
1738,2015-06,75.9,60.2,0.0,5.2,0.37
1739,2015-06,69.0,92.9,0.0,5.4,0.87
1740,2015-06,70.8,84.5,0.0,4.2,0.19
1741,2015-06,71.1,67.1,0.0,5.8,0.0
1742,2015-06,66.1,83.4,0.0,5.4,0.0
1743,2015-06,76.4,67.5,0.0,4.4,0.0
1744,2015-06,67.9,80.2,0.0,5.8,0.02
1745,2015-06,77.9,76.7,0.0,7.1,0.39
1746,2015-06,80.1,55.5,0.0,6.6,0.0
1747,2015-06,82.0,67.3,0.0,8.0,0.06
1748,2015-06,75.7,50.1,0.0,6.3,0.0
1749,2015-06,75.2,48.4,0.0,4.3,0.0
1750,2015-06,73.3,63.3,0.0,5.7,0.0
1751,2015-06,65.9,74.1,0.0,7.3,1.0
1752,2015-06,66.6,84.6,0.0,5.4,0.17
1753,2015-06,70.4,62.5,0.0,5.9,0.0
1754,2015-06,73.7,69.3,0.0,7.5,0.02
1755,2015-06,73.7,69.3,0.0,7.5,0.02
1756,2015-07,76.2,67.7,0.0,6.8,0.69
1757,2015-07,73.8,62.3,0.0,3.1,0.0
1758,2015-07,73.2,56.1,0.0,5.3,0.0
1759,2015-07,71.8,64.8,0.0,3.4,0.0
1760,2015-07,75.2,66.4,0.0,4.2,0.0
1761,2015-07,76.1,73.0,0.0,4.9,0.0
1762,2015-07,80.0,75.4,0.0,5.7,0.05
1763,2015-07,79.9,74.1,0.0,4.5,0.06
1764,2015-07,72.6,79.9,0.0,3.8,0.38
1765,2015-07,76.9,60.2,0.0,5.8,0.0
1766,2015-07,78.0,51.6,0.0,4.3,0.0
1767,2015-07,79.9,54.1,0.0,3.8,0.0
1768,2015-07,78.0,59.3,0.0,4.6,0.0
1769,2015-07,75.6,81.0,0.0,3.9,0.19
1770,2015-07,75.9,75.6,0.0,5.2,0.08
1771,2015-07,71.3,52.0,0.0,4.9,0.0
1772,2015-07,72.5,67.9,0.0,6.6,0.0
1773,2015-07,77.5,76.9,0.0,5.9,0.22
1774,2015-07,85.3,65.0,0.0,5.1,0.0
1775,2015-07,87.6,55.7,0.0,5.7,0.0
1776,2015-07,82.4,55.9,0.0,5.3,0.0
1777,2015-07,76.0,43.9,0.0,7.8,0.0
1778,2015-07,75.7,42.7,0.0,5.4,0.0
1779,2015-07,77.4,42.3,0.0,4.1,0.0
1780,2015-07,77.1,53.1,0.0,5.2,0.0
1781,2015-07,79.6,57.6,0.0,7.9,0.02
1782,2015-07,78.1,70.2,0.0,5.4,0.1
1783,2015-07,83.1,61.3,0.0,3.6,0.0
1784,2015-07,85.3,57.6,0.0,5.1,0.0
1785,2015-07,79.3,82.2,0.0,5.3,0.87
1786,2015-07,81.4,48.6,0.0,5.8,0.0
1787,2015-07,81.4,48.6,0.0,5.8,0.0
1788,2015-08,81.2,46.7,0.0,6.2,0.0
1789,2015-08,79.4,50.0,0.0,4.8,0.0
1790,2015-08,82.4,49.4,0.0,6.8,0.0
1791,2015-08,80.8,53.8,0.0,6.8,0.3
1792,2015-08,78.0,49.8,0.0,5.6,0.0
1793,2015-08,75.4,47.3,0.0,3.7,0.0
1794,2015-08,75.2,52.8,0.0,5.6,0.0
1795,2015-08,74.3,56.9,0.0,4.4,0.0
1796,2015-08,74.4,61.2,0.0,4.9,0.0
1797,2015-08,74.5,66.2,0.0,6.4,0.0
1798,2015-08,74.4,81.8,0.0,6.0,0.83
1799,2015-08,76.0,59.2,0.0,6.4,0.0
1800,2015-08,75.0,49.2,0.0,4.6,0.0
1801,2015-08,77.1,51.7,0.0,5.1,0.0
1802,2015-08,81.1,56.3,0.0,4.5,0.0
1803,2015-08,82.1,58.3,0.0,3.1,0.03
1804,2015-08,84.1,56.3,0.0,4.5,0.0
1805,2015-08,80.7,67.8,0.0,6.0,0.27
1806,2015-08,79.1,79.4,0.0,6.6,0.0
1807,2015-08,79.3,78.8,0.0,8.3,0.02
1808,2015-08,77.9,62.7,0.0,6.1,0.27
1809,2015-08,74.9,49.6,0.0,4.8,0.0
1810,2015-08,75.2,71.0,0.0,4.2,0.0
1811,2015-08,77.7,67.7,0.0,4.5,0.0
1812,2015-08,79.7,59.6,0.0,5.4,0.0
1813,2015-08,74.3,49.2,0.0,5.5,0.0
1814,2015-08,71.8,55.0,0.0,5.8,0.0
1815,2015-08,72.1,54.1,0.0,3.6,0.0
1816,2015-08,75.0,57.3,0.0,4.8,0.0
1817,2015-08,78.8,64.0,0.0,4.8,0.05
1818,2015-08,82.5,60.4,0.0,5.5,0.0
1819,2015-08,82.5,60.4,0.0,5.5,0.0
1820,2015-09,79.8,63.9,0.0,3.9,0.0
1821,2015-09,79.2,70.2,0.0,4.7,0.0
1822,2015-09,82.2,59.4,0.0,4.3,0.0
1823,2015-09,77.2,69.6,0.0,7.2,0.0
1824,2015-09,71.6,65.5,0.0,4.9,0.0
1825,2015-09,72.9,63.6,0.0,4.3,0.0
1826,2015-09,78.7,63.6,0.0,5.6,0.0
1827,2015-09,82.8,60.8,0.0,6.2,0.0
1828,2015-09,79.7,76.8,0.0,6.3,0.04
1829,2015-09,72.4,92.7,0.0,5.3,1.05
1830,2015-09,72.3,73.4,0.0,5.4,0.0
1831,2015-09,71.9,82.8,0.0,6.0,0.12
1832,2015-09,69.4,72.0,0.0,6.0,0.0
1833,2015-09,66.1,55.0,0.0,7.6,0.0
1834,2015-09,71.8,50.6,0.0,3.3,0.0
1835,2015-09,74.8,56.6,0.0,3.3,0.0
1836,2015-09,75.7,55.8,0.0,4.2,0.0
1837,2015-09,74.4,59.8,0.0,3.9,0.0
1838,2015-09,73.3,77.0,0.0,5.8,0.0
1839,2015-09,70.6,56.4,0.0,8.1,0.0
1840,2015-09,64.5,50.7,0.0,6.7,0.0
1841,2015-09,65.1,61.6,0.0,5.7,0.0
1842,2015-09,66.7,61.3,0.0,4.0,0.0
1843,2015-09,69.1,59.3,0.0,5.2,0.0
1844,2015-09,67.1,62.7,0.0,5.7,0.0
1845,2015-09,64.2,62.0,0.0,6.3,0.0
1846,2015-09,62.9,72.8,0.0,4.1,0.0
1847,2015-09,69.9,82.3,0.0,3.4,0.0
1848,2015-09,74.1,86.2,0.0,4.8,0.16
1849,2015-09,69.3,85.2,0.0,9.9,0.95
1850,2015-09,69.3,85.2,0.0,9.9,0.95
1851,2015-10,56.7,79.0,0.0,8.6,0.05
1852,2015-10,49.9,87.2,0.0,10.9,0.94
1853,2015-10,50.2,88.2,0.0,11.7,0.18
1854,2015-10,55.2,67.8,0.0,9.5,0.0
1855,2015-10,56.4,71.3,0.0,5.9,0.0
1856,2015-10,61.5,64.2,0.0,3.9,0.0
1857,2015-10,63.2,67.0,0.0,3.8,0.0
1858,2015-10,62.3,72.1,0.0,3.5,0.0
1859,2015-10,65.6,82.6,0.0,5.8,0.45
1860,2015-10,56.6,59.1,0.0,4.1,0.0
1861,2015-10,58.8,63.5,0.0,3.9,0.0
1862,2015-10,62.9,66.1,0.0,4.1,0.0
1863,2015-10,65.4,74.3,0.0,4.5,0.0
1864,2015-10,61.1,60.3,0.0,5.7,0.0
1865,2015-10,56.5,57.3,0.0,5.0,0.0
1866,2015-10,56.3,57.3,0.0,6.2,0.0
1867,2015-10,47.9,51.9,0.0,7.1,0.0
1868,2015-10,41.0,53.5,0.0,6.1,0.0
1869,2015-10,43.3,54.8,0.0,4.7,0.0
1870,2015-10,57.9,49.8,0.0,7.0,0.0
1871,2015-10,63.0,57.9,0.0,3.6,0.0
1872,2015-10,64.7,58.9,0.0,5.5,0.0
1873,2015-10,53.7,49.3,0.0,7.3,0.0
1874,2015-10,49.3,70.3,0.0,4.5,0.0
1875,2015-10,57.7,70.1,0.0,6.8,0.0
1876,2015-10,50.3,57.2,0.0,3.7,0.0
1877,2015-10,50.6,68.6,0.0,4.0,0.0
1878,2015-10,59.5,91.3,0.0,11.0,1.19
1879,2015-10,64.1,62.0,0.0,9.1,0.05
1880,2015-10,52.5,47.6,0.0,7.4,0.0
1881,2015-10,48.2,62.2,0.0,3.6,0.0
